200 4000 1 97
166 36 493
17 11 5789
63 24 123
173 48 2136
111 53 2813
185 56 9122
92 4 7383
51 32 2975
147 53 9723
180 48 5717
185 46 4030
91 68 1307
30 18 7621
185 67 8532
148 84 2779
170 62 2423
119 12 1717
60 28 5611
97 29 7448
151 42 3316
195 120 7568
143 125 7290
160 109 8795
173 27 3004
127 24 2
140 93 3343
194 179 5223
51 17 4291
163 22 1647
40 32 5702
75 74 3232
162 115 1116
115 51 3279
111 36 3039
153 33 8538
77 73 1778
155 6 6211
161 97 8430
181 36 6246
40 34 6361
179 43 7879
167 121 1055
197 111 2478
117 97 8873
167 131 5013
134 31 4378
92 72 4613
62 22 6878
156 40 1830
149 10 895
144 143 3182
74 25 6802
175 72 2790
117 65 3394
147 9 5848
79 55 1531
122 65 9700
179 98 4894
76 26 8275
194 175 2746
164 157 9267
53 36 7473
148 147 2691
169 88 285
192 29 632
155 108 8538
79 47 7449
128 122 4882
162 106 3190
142 52 7556
89 36 6755
146 121 2169
162 119 4350
4 2 7384
159 39 9698
78 11 5902
119 32 3510
83 16 3034
137 24 8884
130 124 9605
200 145 6232
166 62 9035
174 73 1077
95 60 522
48 36 7952
87 58 4187
182 36 9439
165 142 8360
189 117 2955
116 25 5000
136 134 2272
174 93 6344
199 77 5503
83 81 3301
149 5 509
172 84 1420
84 26 732
200 90 8487
147 33 6805
55 37 6349
168 150 2365
138 73 8491
187 73 3496
200 99 5372
139 96 9726
95 12 1060
118 116 4940
172 122 3934
112 87 6754
88 69 3912
195 24 2242
149 71 2031
49 14 4187
182 154 2267
151 52 2063
157 46 6481
154 22 5485
129 127 9349
196 167 9949
75 62 9639
79 65 2350
195 92 5220
188 126 3837
168 144 8620
198 43 3954
103 96 573
147 3 7450
131 104 9682
195 29 1112
153 43 7914
11 10 4126
137 107 3608
194 131 9251
114 99 2652
117 35 9079
172 132 7005
145 94 9425
114 104 3195
146 137 8529
123 58 1474
86 8 4163
200 143 2598
108 53 6512
79 42 6275
106 80 637
101 41 8117
102 24 5831
170 88 23
125 74 6772
176 142 3772
141 68 1542
183 62 852
51 27 6804
143 9 4617
61 22 5257
131 64 11
151 90 9272
85 6 329
121 5 2629
105 86 6337
198 53 9368
125 11 9348
198 175 8370
109 73 5970
199 111 3993
139 42 4311
144 142 7789
164 3 454
148 26 7276
170 125 6197
139 70 2887
148 132 5052
120 21 5458
134 105 5890
113 69 7729
90 29 3621
197 59 8505
184 157 6087
188 10 7631
187 15 3253
189 183 4256
109 91 8017
105 98 14
142 47 9894
84 51 1156
176 39 8024
153 20 3863
114 50 7614
54 16 4196
104 36 8898
182 116 6173
192 34 3372
91 24 8996
27 20 8980
172 154 9477
152 42 8143
131 81 9445
115 40 436
189 19 3683
111 90 1023
177 13 4649
188 127 1075
142 9 8023
42 25 7333
199 83 6177
141 76 3860
121 87 5197
143 118 6150
21 4 8082
133 9 1322
156 82 6524
182 140 4981
193 48 2266
52 19 6622
98 49 8441
183 37 1552
149 47 3918
173 14 3282
151 36 9423
29 15 6830
169 26 9691
112 19 2028
161 1 1611
160 121 3323
157 74 6831
41 27 2641
89 4 8707
189 28 6488
55 35 9634
157 71 4070
57 14 9931
86 57 1680
96 62 1698
130 24 5935
135 132 7492
101 55 1993
132 88 8562
130 49 3271
142 132 8101
195 2 8873
49 38 3209
36 26 6701
183 132 9265
175 84 94
157 81 8377
58 35 6680
150 93 3773
140 130 3223
185 116 7276
173 168 9156
44 37 7562
68 29 5268
200 112 9424
32 30 5109
53 25 9426
107 31 4141
150 8 1885
182 2 7333
29 21 807
177 163 9774
102 15 8085
168 139 3406
108 17 1765
188 135 1808
138 131 9523
189 130 7517
191 28 2923
133 115 3533
151 141 2205
167 125 7179
157 22 9472
176 171 2327
40 5 1410
162 128 4999
196 45 7867
168 75 4889
170 72 6627
139 93 1705
150 25 792
128 118 8150
173 97 3291
144 63 2701
198 8 6282
94 60 5165
191 47 381
136 58 4861
24 17 5121
119 95 4603
175 146 3849
171 133 2843
74 4 4670
110 71 1089
141 12 986
83 68 8364
103 36 2704
91 10 5023
132 23 8653
73 43 9298
141 43 3128
198 182 3312
85 61 5988
92 74 6665
126 103 5146
190 93 6650
182 5 1146
199 63 5683
130 80 1650
65 64 121
172 109 7671
30 15 1412
51 2 1233
65 58 6509
173 43 5110
146 7 8049
176 118 5959
106 73 5008
178 37 5610
24 21 2284
115 88 3864
151 83 1999
155 128 1220
69 47 7715
84 28 5022
187 177 9867
93 7 8060
165 11 4310
132 56 2016
96 56 3518
136 62 3289
180 78 9536
123 72 8912
199 84 3076
113 91 1370
195 142 3540
125 54 5718
84 75 8993
91 40 9190
174 109 1590
169 71 1507
135 60 9765
171 34 7984
29 17 7721
143 104 3421
185 99 5818
168 107 3533
105 21 8239
131 16 6009
150 28 6215
138 75 8936
136 85 2205
154 139 9716
197 152 4462
173 135 6925
153 152 8845
88 65 2315
125 57 2009
108 48 7914
182 26 9463
144 125 5571
147 135 3585
16 4 7651
191 56 1089
168 70 2217
159 102 8821
194 2 4520
177 167 7355
134 12 6976
31 3 6773
102 40 9106
179 37 2277
146 1 5533
35 20 3229
148 55 4715
137 114 2778
133 59 1165
193 120 9651
54 18 4323
100 28 4523
77 17 2422
87 52 8679
184 36 4504
122 78 9759
72 54 4475
191 48 7359
200 194 1580
198 89 333
163 85 1369
87 50 9761
79 60 991
128 114 8844
158 31 7015
184 70 5376
163 2 824
124 67 1078
64 55 3692
112 95 3541
171 58 9504
169 6 8036
196 92 38
129 26 2980
149 82 5725
123 63 2667
11 7 4625
56 13 2250
179 17 9965
104 29 9656
180 96 5702
80 1 9739
162 138 8951
131 92 6380
188 7 5654
66 42 2101
187 105 172
155 21 6714
177 67 7360
121 54 1990
177 9 3383
100 46 1461
195 73 3364
197 83 3485
95 59 9064
72 11 9950
89 9 2227
95 92 7425
145 57 3478
109 9 3485
161 156 9214
96 63 4254
200 174 6501
81 41 8954
80 2 9721
129 115 7481
111 84 6514
26 18 7195
138 82 4139
153 82 2971
182 74 4949
138 3 9360
102 74 7028
46 34 9767
102 20 9395
149 125 4758
147 93 5908
95 21 483
194 193 7054
193 92 431
162 53 636
55 8 433
121 37 8759
161 94 3173
141 40 8853
160 11 2199
161 68 884
113 73 8220
126 119 1802
194 186 1298
200 86 1155
145 1 1763
134 133 3875
184 24 8398
116 29 3221
76 19 5151
158 109 6096
70 51 9823
187 163 8887
178 145 5024
78 76 4813
181 116 3951
162 149 4529
114 46 9130
168 21 9915
120 52 7472
171 47 2168
168 1 812
196 78 3752
188 98 6561
73 9 3233
179 166 283
176 111 4875
58 22 5959
146 114 5187
59 25 5489
187 87 2057
172 10 1903
17 1 4828
195 114 759
100 55 5411
119 113 2087
87 60 88
104 57 1877
148 138 5129
71 18 1030
199 2 7317
194 83 6647
160 72 291
116 110 9839
200 120 6509
176 110 7202
164 162 2299
173 95 8358
182 107 7611
199 46 851
46 23 1354
197 9 6582
75 55 510
113 64 313
147 137 3621
170 129 4937
32 9 5735
195 84 3772
178 163 1510
59 8 5423
152 89 7693
174 137 7729
141 88 3100
83 57 6641
135 22 911
177 52 6143
127 17 5710
104 22 7165
170 74 8913
193 79 3980
108 6 6435
154 71 9939
187 14 6106
143 102 1531
135 25 4513
46 14 7503
134 7 9534
135 19 3873
179 111 3109
196 3 3717
178 25 3847
138 136 2908
192 106 2514
114 57 9511
176 66 283
160 69 5752
82 25 2916
132 48 5724
122 18 4061
151 135 7384
147 4 6991
64 35 1144
142 131 1749
179 168 8047
99 98 9569
131 85 940
61 53 2516
109 67 9117
192 147 6299
147 52 3859
193 46 6160
184 124 1194
93 60 6993
151 110 2626
55 26 7433
123 115 8306
138 4 2110
108 32 6382
92 43 7483
150 77 9781
155 12 9905
44 1 1217
109 26 9938
168 30 9951
171 70 2075
174 112 3915
139 82 6509
161 60 9521
101 38 2970
77 49 3183
91 43 7532
92 31 5607
87 11 8516
159 88 5676
64 40 3616
143 32 9606
128 33 2862
186 22 1664
159 24 302
59 19 3321
174 36 9839
192 76 9572
180 103 6006
81 4 3328
125 7 7609
149 13 4389
173 98 8975
108 42 3733
100 82 4183
160 9 3228
49 33 3911
171 163 3833
70 4 1331
183 131 6703
127 52 1817
128 53 1133
91 1 3757
144 19 8144
129 110 5866
181 5 4622
137 62 3177
176 34 5346
138 95 1436
104 46 1842
168 80 1061
180 108 4248
152 111 2562
152 148 6401
35 16 2771
112 17 7603
106 101 4332
191 77 2460
148 145 1545
150 84 1264
185 83 9144
66 59 7369
186 144 9222
44 19 4593
68 34 3307
83 51 9370
180 97 9447
181 60 348
185 79 8300
102 61 3466
41 14 1776
191 180 882
180 148 5384
93 11 8504
141 96 8062
160 20 703
195 81 5912
137 36 8404
155 27 2924
194 25 4102
142 71 4094
187 75 8408
181 43 3256
31 6 7566
14 13 8685
178 118 8045
86 60 652
188 34 9767
112 54 9135
59 50 5022
197 30 497
109 78 7930
73 35 947
190 117 7503
186 130 8039
175 63 7845
182 65 8919
117 50 8751
147 68 5278
150 68 4016
88 39 6073
150 3 9164
57 36 3602
148 62 6470
193 131 1007
134 64 8221
155 73 4789
140 27 8715
174 30 2346
117 87 8450
158 6 8897
193 81 7828
132 119 2443
151 19 7547
111 19 506
180 81 3920
149 73 5136
173 25 9102
182 75 7938
140 104 5029
108 52 1711
104 82 4256
151 145 2187
192 90 1896
127 123 1817
143 137 56
198 12 7087
118 28 4958
151 4 3552
170 132 4776
182 93 9831
160 80 3712
175 30 7748
147 13 6849
126 99 5569
128 1 9285
150 126 4929
56 6 4326
127 44 8055
200 7 3603
148 122 4849
173 36 9396
151 101 7108
113 39 5231
86 14 9729
74 34 2111
44 34 5440
139 66 115
107 106 8361
191 171 3817
116 72 6346
141 47 1030
191 26 3492
161 107 1749
160 133 7208
182 145 9827
139 57 90
59 15 8325
128 26 9585
199 139 4096
188 24 2906
158 90 8041
69 61 5535
169 103 8761
163 56 1000
50 4 4366
156 137 5858
195 168 1910
166 111 543
200 190 8573
121 105 6842
170 167 2577
190 97 9598
86 58 7058
185 62 8159
46 12 3371
177 31 5483
63 15 9159
186 5 6109
171 151 9655
193 141 8294
157 126 9079
174 74 2686
188 21 1487
158 35 6653
152 80 3702
48 44 2309
174 124 975
114 110 1030
100 77 6521
59 39 2080
105 55 5336
168 120 248
200 52 6944
169 124 9930
162 24 2860
150 90 3422
34 2 2758
72 6 6414
55 51 87
133 29 6956
14 1 9689
143 101 2878
107 12 4235
124 104 5004
136 19 172
88 49 4980
188 81 4112
63 11 6198
138 53 2647
124 106 472
129 83 53
139 132 6560
200 56 6917
40 12 3674
165 118 8063
135 65 2590
176 67 5633
155 26 5095
187 169 3821
118 27 3888
160 24 1700
190 98 3800
163 58 8518
112 39 954
110 42 6636
192 57 6467
198 27 9378
86 61 5510
107 41 1018
25 24 9161
116 86 2699
187 129 8346
96 2 3379
60 7 4135
124 68 5336
145 48 7232
200 177 963
144 65 7928
118 87 485
134 63 2543
121 73 7502
91 80 2225
97 63 7075
94 47 5136
151 116 3020
136 46 5893
157 120 344
167 10 7171
46 19 8741
199 59 4717
114 38 5390
130 55 3950
150 62 3270
178 77 5783
33 18 4523
183 67 7062
144 7 9333
165 49 7214
177 169 6667
106 38 8701
81 32 7893
122 66 222
187 76 5959
95 85 8987
35 8 5828
186 33 8879
159 133 224
131 100 5347
175 115 4360
153 17 3716
119 16 7737
165 76 1668
142 39 2896
126 75 4885
198 147 9285
57 26 3245
173 169 2721
200 25 9165
185 14 679
186 164 5170
135 41 9047
158 139 3546
73 1 7058
107 84 6950
107 83 8562
101 24 7344
168 3 2697
103 70 4410
96 70 6229
164 139 1589
64 22 2308
173 118 5438
118 91 6183
96 34 5591
36 32 2640
42 32 3375
163 143 4289
186 11 7525
68 3 4438
54 21 2909
133 87 8360
103 4 6939
121 113 3550
81 68 8308
186 134 7286
42 26 1954
113 107 5755
187 150 6163
118 74 41
175 121 3074
144 102 9768
47 14 7956
165 96 2050
192 116 6492
196 150 1599
122 31 2940
79 72 6890
179 119 2131
144 71 331
130 54 4080
43 16 7513
93 33 5006
94 59 5772
153 26 8868
169 72 1501
111 65 4591
153 120 6212
123 77 9923
70 22 3918
194 18 2725
126 56 639
168 26 6911
194 149 6140
148 27 7812
130 105 9979
167 9 9995
164 143 2424
148 12 4003
174 126 5072
149 141 7201
192 51 6636
73 15 1281
119 13 2043
178 91 3260
178 3 435
107 78 2731
91 48 2963
170 65 1263
57 4 8522
183 108 1857
171 110 6051
81 15 685
173 38 2364
179 42 4820
194 57 2241
181 162 9914
131 49 5388
152 39 4280
21 9 5979
191 159 6122
185 34 9611
134 83 2668
53 1 7543
140 100 7527
184 125 8409
170 99 3386
152 141 6868
171 104 4981
154 87 3643
117 26 351
178 132 9495
118 25 8261
120 42 2314
192 159 3034
124 79 1703
142 32 5007
83 76 6389
195 43 6275
127 41 4717
127 92 9357
118 113 2427
194 79 318
107 87 2863
82 10 9057
133 4 9362
40 36 3956
187 82 9004
178 31 3285
175 15 6156
82 29 6366
162 62 473
181 111 2372
161 135 63
176 94 1945
107 11 9256
48 22 2446
158 10 5095
194 64 7187
128 115 2197
131 35 2285
131 127 3264
114 28 60
111 96 2650
73 39 4054
172 90 5952
162 158 9708
160 119 2807
195 183 5569
65 53 3183
163 90 1457
108 51 5167
93 36 3648
152 127 6856
47 21 8195
117 83 1346
43 42 4848
144 12 1149
137 25 4705
120 112 6243
184 123 4791
38 36 2644
175 98 3177
180 176 3185
172 24 2085
133 132 2419
174 71 9713
77 69 8379
151 21 9191
176 7 635
88 59 1930
153 115 3255
108 43 3704
119 77 8962
158 128 5172
76 1 2817
106 91 6256
124 111 2285
194 58 5057
131 114 3468
130 103 6893
173 54 7706
188 164 7168
195 135 3711
83 33 4403
90 63 2015
69 2 6369
196 44 527
48 26 9015
195 194 4982
183 151 6307
114 17 6284
57 11 5063
105 46 384
141 97 7117
61 18 8992
141 10 204
109 70 326
85 38 6820
184 148 9775
170 30 6220
200 57 7522
167 140 9966
199 121 9960
185 132 12
145 92 2660
71 34 1568
141 48 8691
148 124 5207
67 15 5861
163 34 2403
192 141 4617
66 45 1095
153 14 3399
138 87 8329
193 82 6153
182 63 9005
82 76 3413
130 70 320
156 71 574
133 116 9325
175 50 2977
159 141 7252
174 103 1471
113 52 7563
36 22 5489
187 157 5210
122 67 9424
152 49 5112
126 73 3178
129 41 3870
193 163 5908
119 83 7708
81 67 3773
114 74 6926
199 183 7856
115 35 1742
137 83 19
88 22 4654
116 23 8416
138 61 5683
105 104 5157
152 38 6468
28 6 2993
155 133 2417
98 65 7064
155 141 2829
111 98 8020
189 73 3326
103 89 6113
58 8 7073
70 12 253
196 105 1713
173 171 4161
133 112 9349
60 30 3109
171 80 9058
123 106 7711
171 76 9898
96 94 4258
126 93 3039
113 13 182
114 113 5876
51 21 4333
118 58 920
182 43 6719
77 63 5301
118 108 6485
171 56 4829
183 92 609
139 107 5610
130 119 8081
134 127 5221
107 97 7646
155 117 2166
195 18 1820
99 22 1846
118 71 8204
192 12 7789
135 99 9075
160 134 2356
174 146 1770
44 40 6213
95 22 5133
98 39 2987
85 27 7538
132 61 43
172 47 3160
92 65 9125
148 74 3176
150 59 7658
108 61 4742
69 27 6274
123 93 7729
188 42 8291
53 52 4257
110 56 1407
168 140 6166
135 27 9625
126 114 4677
110 62 295
175 14 2839
194 52 1535
100 95 1387
178 151 5351
180 40 941
69 53 7025
164 48 9488
166 76 6692
146 98 5755
199 85 4
166 9 4264
105 22 1822
193 89 5368
66 24 5508
161 86 8249
192 48 9977
178 75 7663
186 41 436
181 18 5749
194 184 7728
183 123 3648
180 141 3349
190 4 2045
189 44 940
61 27 1558
194 145 2228
55 47 5031
156 73 7764
160 23 7572
156 152 4618
166 59 2686
125 86 463
139 105 8394
126 8 7876
182 32 9331
170 112 856
182 115 6121
121 1 9330
175 62 2755
68 14 3914
134 42 4670
198 165 6237
184 129 8850
55 53 4812
181 16 3324
147 81 3147
89 15 960
130 18 5424
140 129 2329
181 73 4408
122 71 2881
116 113 5539
62 24 4219
184 169 8971
112 65 1628
182 111 4805
158 72 3233
131 109 7791
154 18 7921
125 18 2315
32 7 7788
150 61 2427
198 87 5422
156 34 4364
135 17 4582
44 28 5575
73 56 5166
144 39 1380
165 112 1057
45 7 5201
145 26 6718
183 71 3009
158 146 4491
197 124 9385
157 79 5164
72 38 6799
189 116 4737
183 6 157
189 70 4924
87 79 5640
148 117 218
177 153 6001
192 15 8829
183 87 2380
191 83 2093
44 35 8221
35 14 6990
143 131 362
140 101 3109
147 2 1580
198 62 604
98 22 8918
52 45 2044
123 66 5036
98 6 5600
177 101 1496
18 7 2682
70 36 2528
149 21 1318
132 32 1928
153 48 6163
44 21 1283
106 90 400
103 43 6459
171 136 1507
143 141 4140
185 51 2688
118 64 6358
109 24 2037
143 47 2631
105 27 8403
47 5 1246
84 23 1591
181 75 1287
59 9 4108
196 152 9723
182 151 1814
85 47 1666
145 80 8671
110 105 9088
196 108 3197
171 126 3387
69 17 1631
189 40 7397
22 12 4643
79 46 2431
170 97 9275
62 25 9068
141 74 8084
54 41 972
113 27 8941
149 106 6924
187 145 5231
170 76 1775
188 58 3207
79 6 302
148 24 8008
18 15 8703
175 89 6488
170 169 4495
159 111 102
187 43 7248
118 61 5470
160 49 9375
102 48 8857
81 5 4484
183 20 960
84 19 5958
120 5 4678
121 32 7392
105 50 1589
114 8 3257
199 143 9409
150 146 215
189 131 5783
147 24 7946
77 72 1968
131 87 2622
136 124 663
174 162 8855
140 6 2419
166 157 2962
197 157 23
37 12 1888
122 41 6606
179 167 5136
137 35 1902
123 46 4622
114 96 8551
100 71 5270
198 161 5757
197 74 1522
127 62 2044
133 61 3102
151 28 6417
196 96 9533
187 39 4088
96 4 6284
116 92 2693
177 73 4295
183 52 156
80 14 2475
140 66 8526
98 40 6999
168 111 363
89 84 7605
135 79 4096
110 104 1514
184 10 5333
100 72 32
124 118 5986
198 91 3702
85 19 3346
128 80 8142
175 145 4328
171 149 3407
106 40 8996
137 77 6303
103 48 2278
189 52 843
198 114 2631
122 62 677
103 100 4308
100 8 9960
196 187 6011
141 73 6570
154 58 8060
153 23 3520
113 15 4319
171 102 3678
193 71 2891
154 38 8249
105 6 1737
65 30 3699
107 101 956
191 99 6875
12 7 2317
160 39 7251
145 44 2289
54 53 4629
181 87 9200
111 67 3756
86 42 2974
123 101 592
138 59 6904
94 65 1718
136 61 2840
170 108 9555
144 50 3490
150 145 7081
69 34 4574
164 16 4330
160 155 4491
40 2 896
143 130 5198
170 43 286
167 21 1642
102 23 9605
118 9 8946
117 30 5605
110 70 6112
116 107 9335
129 100 1687
181 138 3391
148 65 6580
145 77 5247
184 80 7210
64 63 4273
177 141 3880
165 101 8454
145 63 9468
138 55 1459
127 18 62
162 123 4895
56 7 5300
195 107 4700
82 20 635
129 52 9521
131 59 689
74 56 4553
91 71 4947
84 7 2779
171 48 3518
61 58 708
78 33 6184
100 27 8481
169 70 6360
183 159 2449
140 84 6174
92 55 7554
180 69 3832
38 31 6722
43 4 3490
136 75 9223
144 141 6215
170 110 9045
184 168 8975
196 127 8312
122 57 5128
56 36 2744
198 83 9877
114 20 837
72 17 5514
78 66 1546
53 4 9386
122 33 5820
109 88 2523
57 29 5619
160 59 3784
126 83 4463
67 62 4076
169 153 4786
183 145 3108
45 26 6319
130 102 3624
57 16 4552
103 39 8765
33 14 2177
188 85 3826
178 34 9764
178 62 4740
156 16 5654
179 122 7237
128 24 8665
87 35 5570
68 18 4847
105 47 8614
122 8 1017
187 167 7068
200 66 846
83 70 3297
189 105 8586
142 6 9910
113 17 5052
131 1 792
193 8 9619
192 136 6533
146 89 1892
70 26 809
197 97 2272
139 54 6786
187 124 7177
159 29 770
126 101 1602
132 74 6305
130 91 2926
150 133 4853
92 89 6398
105 32 3340
194 189 9617
180 140 8289
175 67 6231
181 161 2766
198 33 613
186 6 4146
139 110 5531
78 10 3034
90 24 5333
147 34 4245
148 9 7207
24 14 1630
116 64 100
191 188 3557
192 8 8930
170 106 2647
119 59 8171
142 99 6990
132 55 9475
191 62 3048
188 185 4162
144 2 7585
151 137 3007
129 6 2155
178 67 6543
180 20 2432
178 58 6329
57 2 2728
153 36 928
134 34 6813
133 69 6393
177 14 8355
179 152 2990
14 5 7190
133 131 5815
63 43 5546
79 43 6752
170 6 1933
94 32 1147
140 64 8460
192 145 2021
193 110 5781
200 130 2690
76 28 7824
75 71 4612
119 38 6695
166 101 430
94 48 706
88 85 1916
175 5 1749
177 55 743
149 38 4333
188 29 8712
93 41 3544
177 155 2580
157 97 7469
126 87 5275
182 47 1053
177 168 9637
140 11 5587
157 69 6621
144 14 7990
143 66 1563
121 119 790
167 133 3775
127 59 4116
127 87 256
158 15 1306
147 121 6070
162 28 3042
129 93 2759
192 152 8559
169 141 1598
173 82 1259
78 35 3562
163 24 181
114 52 6000
155 148 4537
176 153 639
187 133 4075
193 144 6387
77 70 6
72 9 3856
53 5 1246
166 35 5626
105 70 4528
152 10 5485
177 87 177
160 89 6029
124 20 9733
109 4 261
186 46 1682
169 21 5182
180 64 6927
176 120 2797
76 65 1594
188 139 2932
124 80 1689
35 31 9178
81 30 3688
197 65 408
104 66 7964
174 81 1971
76 50 4804
113 103 8319
151 34 10
183 177 7930
156 145 1381
179 174 8236
187 33 5432
180 139 8546
183 22 4809
124 13 1532
191 3 7369
157 32 9525
187 148 6903
158 46 6557
56 31 7364
139 86 1622
81 48 1634
146 127 4619
111 35 5144
142 108 8253
156 70 1280
101 71 6254
94 71 747
172 63 434
53 18 4774
133 8 5229
191 8 1454
166 80 6429
170 144 4652
141 123 5914
62 45 6550
166 162 7813
192 25 9925
67 34 4418
174 118 3904
112 45 7252
40 33 6729
172 11 2909
136 95 6612
142 83 5954
77 11 4059
88 34 7335
72 2 3583
125 81 4499
155 113 2422
146 37 1799
26 14 6099
79 13 2597
39 4 1890
88 61 9535
135 112 4450
199 12 8638
131 95 7160
30 5 2609
127 106 9353
194 5 8082
77 76 8023
177 149 8309
131 4 5126
47 15 5201
170 168 7407
132 6 3267
190 109 6808
159 90 4202
159 43 5527
195 60 815
57 1 4505
154 81 4227
83 20 9647
164 34 3413
59 52 9407
132 82 8485
67 60 2415
161 29 9046
107 32 8799
130 126 670
193 45 2221
158 3 385
197 121 5026
194 94 9191
117 67 8237
93 62 898
128 50 8680
142 126 6349
169 36 7191
89 35 4426
138 88 3583
198 61 5545
83 5 7756
150 55 2803
128 62 2014
191 169 8663
162 67 2396
9 8 719
87 72 3749
90 54 6427
176 46 8639
64 29 815
40 1 4552
79 74 7596
171 152 3339
110 108 2205
172 64 6597
156 148 6308
154 49 2862
167 150 8366
133 89 1955
186 116 893
56 24 2305
150 134 970
144 86 3633
133 130 4964
114 7 1095
189 171 6691
180 106 2336
153 130 7255
151 130 7806
193 113 5185
54 43 663
112 40 6084
181 78 2845
74 28 8899
30 12 4128
199 94 8188
93 84 4110
148 22 1242
55 22 4156
147 27 4599
99 71 5673
173 79 798
143 54 9057
173 74 5605
139 44 8360
85 45 7749
98 71 8728
100 91 4804
195 33 7332
130 81 6018
127 9 8539
191 176 2246
63 60 861
151 87 730
182 71 3543
169 129 755
127 114 5183
165 70 9333
108 18 7093
72 65 7772
121 69 3152
187 37 7449
90 27 8103
163 136 9221
167 50 6847
188 107 5472
115 9 4206
186 40 8346
200 147 1228
179 41 5081
196 173 7529
164 71 6403
106 79 2328
173 59 2174
163 152 4527
124 96 5323
194 168 8047
159 30 9747
67 37 7728
114 47 4006
115 21 8950
176 35 7829
107 38 4944
195 45 3314
152 70 648
61 5 1041
180 128 4270
83 43 6648
148 133 3831
127 40 5704
197 2 4615
161 72 2264
136 35 2423
108 73 225
171 33 3602
165 86 9201
170 104 2920
189 137 2849
195 13 6339
167 157 3216
154 60 7729
195 110 1440
104 52 2467
38 2 9731
43 22 1526
35 22 9477
179 125 928
169 104 3531
158 94 4241
86 25 2243
38 33 4135
178 21 756
156 90 301
53 47 3849
94 63 7994
197 21 7791
96 40 8733
163 111 2411
166 64 8919
180 36 5651
133 105 7635
144 31 4638
100 80 5731
163 146 5746
168 101 4656
82 69 8060
195 152 7281
54 17 691
98 25 1855
109 59 744
157 145 1991
128 112 4989
192 182 2023
40 26 7757
176 38 7616
105 82 4130
197 182 6373
121 19 9204
181 130 3139
98 93 2373
128 39 8344
193 97 9253
146 128 7970
169 121 4049
28 22 5851
79 35 4721
120 75 9105
47 16 7648
146 64 9114
130 101 8290
74 49 5777
173 16 8400
179 13 2758
145 53 3553
163 18 3671
176 154 887
137 73 7783
193 41 1045
105 56 4142
146 122 4317
99 44 2031
185 18 705
146 41 191
166 137 2454
194 80 9804
110 61 4749
195 173 6016
173 20 4026
172 88 1876
82 8 8514
66 52 6519
120 19 8220
155 95 2728
102 36 8877
77 9 7723
191 15 682
192 171 4864
152 66 9946
197 139 5584
113 49 7721
181 180 954
152 37 5360
124 40 2369
150 70 7814
172 50 5897
95 70 5925
27 15 2025
188 54 2818
183 155 4944
139 125 6270
175 92 8234
134 131 1267
58 55 354
101 8 2047
28 27 7524
195 154 3334
130 113 2846
115 87 8511
56 19 9918
150 44 3522
114 33 7371
23 19 8830
80 5 2457
181 69 2272
57 21 8062
160 104 9382
125 100 2514
163 156 9324
175 102 961
150 112 5110
130 34 9668
175 32 872
119 82 3801
62 34 6381
116 98 2879
182 27 8607
151 59 2452
181 95 9280
148 29 9759
119 108 6015
101 81 5940
193 133 4355
190 2 2682
118 29 3380
59 3 2538
106 59 1911
163 97 8363
118 117 3135
110 63 4803
129 104 8311
184 68 2767
148 86 2171
149 109 3497
61 23 1965
184 8 5104
177 38 2913
200 128 3945
143 49 8382
142 72 6410
87 21 862
155 35 7068
199 16 5544
92 26 6969
163 96 8755
170 92 7695
135 72 5966
50 9 1956
186 67 5671
172 81 2774
172 151 1117
165 115 4331
161 46 925
71 41 6998
117 9 3319
123 60 4637
92 17 334
135 81 1642
92 35 3829
37 36 4630
126 36 8189
189 104 4633
46 6 1031
170 153 2712
135 62 9575
190 142 4478
157 57 9638
87 46 8483
144 99 3176
86 63 4479
140 89 2391
118 89 1376
197 41 5997
168 156 9817
131 10 4041
178 71 6419
73 34 8960
186 100 3580
200 141 117
83 11 1938
166 37 8836
191 105 6862
182 29 5419
31 13 2527
160 44 6207
179 87 4530
186 30 591
103 10 7037
102 13 6244
14 3 4492
88 15 1866
194 121 1986
109 85 998
109 65 7361
118 34 9372
163 98 3318
199 136 319
110 73 8596
122 93 6023
47 34 299
72 37 7950
21 2 1871
148 76 2307
5 4 3213
191 41 5731
170 135 1481
174 130 8602
159 36 8575
52 33 3524
173 136 9006
109 41 4451
160 102 8868
64 62 5264
180 88 7885
108 99 8772
154 89 2040
41 23 3503
175 54 8104
158 86 6285
101 5 4316
146 71 7706
94 13 2606
182 169 6248
185 123 7524
67 59 9132
158 119 8177
130 98 5713
134 44 3218
167 86 1495
94 43 1231
166 130 8632
166 27 7212
127 32 4983
143 64 5384
148 109 1512
198 174 8354
131 74 7814
180 130 5459
85 1 6469
83 82 8793
145 142 8042
151 32 7315
182 58 2273
82 67 5080
119 93 1949
179 96 3859
168 129 6605
167 47 1619
78 24 7118
33 22 1205
53 17 1810
179 132 3938
193 190 3769
15 9 358
72 7 7527
198 191 8994
88 42 1977
196 52 1326
32 31 5658
173 15 6676
185 127 3614
152 23 6223
119 28 3718
119 66 9806
74 7 2892
147 36 2928
139 28 4328
134 80 2897
127 11 6434
84 53 881
173 161 1764
73 27 2097
22 4 3620
103 62 5348
168 63 9892
186 97 1544
139 16 5392
196 102 9103
150 64 8876
131 36 7662
191 138 8423
185 73 818
120 66 9557
184 77 2772
121 65 9775
157 83 345
146 48 488
156 106 3384
148 88 3089
144 64 9577
133 52 2095
181 109 8449
46 30 126
155 143 837
175 120 3277
195 87 625
121 67 792
156 151 66
153 149 6143
152 43 4534
169 117 3425
91 6 7139
107 17 9405
82 70 7114
195 95 9493
189 16 631
145 96 6668
187 74 4450
154 124 6491
187 156 4055
119 101 467
105 11 2392
158 50 442
105 51 8347
158 95 5480
123 69 7726
198 140 9304
21 16 6465
138 84 3007
200 178 5560
199 35 2379
17 6 5210
156 92 3080
162 116 4339
92 11 8420
164 59 7637
87 41 2894
145 88 4775
76 22 4899
127 42 605
158 57 7548
189 93 1242
143 134 3895
165 32 1295
135 56 2912
191 94 1653
71 39 7589
123 42 2860
148 28 2815
176 1 936
133 84 9767
59 43 1898
146 107 4096
177 152 7177
59 56 8654
76 57 6506
155 59 2106
114 14 8294
87 4 5475
87 70 4883
159 33 6587
174 21 7235
77 3 1125
179 65 8818
85 40 575
193 124 6016
100 19 7119
196 149 7148
179 81 7718
146 21 7848
88 16 8700
181 26 2539
81 31 3853
129 95 4498
47 7 267
133 123 9468
104 54 151
75 54 1567
43 21 7760
66 18 1296
132 102 4428
186 36 7332
196 140 6868
188 89 2757
94 49 4678
127 15 4091
149 40 7595
164 95 9160
141 8 8078
145 50 7142
142 118 3258
190 26 7280
145 109 4253
138 105 8284
93 28 6788
160 122 1954
161 124 6187
66 56 8990
187 171 847
170 31 5407
85 12 2998
72 57 9525
103 54 6080
140 139 2413
197 29 7916
12 4 1707
167 52 3727
139 77 8397
120 105 8812
102 53 4907
188 103 7336
168 81 8222
117 71 7244
116 91 4298
109 34 9499
154 146 2738
176 19 838
184 50 8587
145 55 7819
154 31 924
180 165 9764
68 16 2611
156 80 9546
156 35 1591
190 63 3672
123 68 8426
185 108 2732
26 1 8582
60 58 2392
143 17 5614
114 10 8307
103 12 1843
200 23 8372
195 83 1665
190 3 5087
183 10 2491
148 78 3126
94 23 1209
50 27 3146
156 61 9685
148 48 2938
98 85 5470
104 56 4700
28 18 4421
130 82 1844
174 98 5163
143 90 4905
99 18 9041
91 42 8091
159 142 898
176 156 7793
171 38 9779
147 136 9589
31 10 8843
22 9 9906
116 30 7046
41 39 3511
69 31 7530
158 135 3528
121 40 2980
126 84 3464
116 42 1164
75 16 5679
200 171 1014
68 37 6892
184 44 634
66 12 2430
197 3 7809
87 64 7559
111 23 6661
116 35 8764
123 71 5724
159 93 1695
116 7 7471
199 154 8884
116 65 9200
71 37 8473
174 151 9071
175 41 5739
148 10 551
104 32 3016
99 2 6301
58 36 212
123 48 257
160 45 1519
196 74 9922
112 2 1190
131 28 3236
160 18 2047
122 1 145
56 41 8920
175 57 5914
181 100 5403
155 114 4165
157 27 4085
197 153 7196
84 37 9410
151 49 4816
174 119 1531
160 150 400
138 112 1881
167 53 9254
155 20 8054
161 61 7939
196 53 3716
162 136 6567
186 115 4257
134 95 5936
12 8 3732
157 37 1478
171 36 9247
144 59 5575
163 86 1793
99 28 2098
67 9 8226
169 4 9047
167 35 7023
164 97 768
89 34 3770
126 33 4854
121 7 9128
194 69 4084
62 43 9205
65 59 6088
181 92 5820
119 74 4730
195 28 603
195 88 7945
198 10 7176
37 20 1922
89 42 5517
164 126 5441
153 45 7788
197 33 5239
165 13 2974
193 91 8601
24 23 9012
133 43 3489
153 32 4392
177 139 100
141 126 8589
151 13 581
18 10 5149
179 157 3588
191 21 6818
102 88 1570
199 60 3575
107 10 6036
177 142 6652
165 47 2588
191 34 3797
135 110 506
163 149 6638
21 6 1177
134 10 4420
103 35 961
168 38 2057
149 88 7049
44 7 3485
166 43 3379
38 11 4009
94 85 5800
130 21 6741
188 137 9104
32 19 8998
64 21 6164
200 172 8678
163 88 8031
178 26 983
76 40 7119
170 156 7427
106 95 1817
192 99 1302
179 97 4560
123 55 1333
112 47 8867
152 76 1724
119 81 3127
199 24 7303
180 122 6533
174 53 1717
186 82 1339
113 41 9695
159 74 1488
49 9 6602
67 48 4174
35 32 3193
71 40 859
107 8 7881
89 45 6126
83 38 426
169 152 2795
165 154 4337
78 56 1451
168 33 4398
86 44 536
165 33 4874
90 79 975
196 72 3090
180 15 6366
116 96 2582
94 61 222
187 56 3074
97 80 2941
61 1 6784
122 79 7711
183 47 5347
100 54 2237
190 173 5390
151 53 8585
124 86 2171
133 35 783
29 11 3196
111 55 8285
173 49 6780
115 94 883
141 65 7851
147 127 9793
182 16 4732
109 8 9918
179 135 6715
90 4 1268
156 105 3613
169 138 8514
188 168 5278
181 104 2211
174 134 4455
191 24 5054
81 35 9145
148 116 5040
110 53 6106
169 24 4623
66 48 1607
129 37 4145
91 45 991
152 45 3306
85 84 6512
69 45 9164
140 118 5868
98 76 5578
162 60 4328
155 88 7866
117 105 8264
65 40 373
181 110 9996
120 100 9534
77 8 2546
188 95 2128
99 61 6046
198 160 1064
198 104 5081
112 76 6888
58 23 8047
116 38 461
161 108 9003
64 47 2644
148 54 1577
171 170 9027
173 121 9700
173 140 4324
160 21 9411
145 67 6924
108 106 6637
70 56 7788
189 91 3645
122 43 7700
162 41 8008
190 147 9554
114 68 9558
198 189 2799
181 98 8949
138 109 740
182 18 5010
189 112 3914
136 13 1111
90 26 7866
77 60 8170
170 166 8792
188 157 5270
113 90 1700
140 3 7573
97 28 90
49 44 3804
26 16 847
12 6 9386
82 21 2603
102 85 348
45 40 4419
132 70 4950
151 74 5063
191 92 5338
185 89 2164
199 89 3943
41 26 1161
170 155 7408
97 5 2354
182 181 3912
163 109 5926
165 24 8750
139 83 417
86 13 5536
184 42 4585
152 132 872
184 149 5297
91 72 7656
161 105 4238
148 64 443
161 40 451
150 41 7575
28 11 486
145 59 4151
142 114 8373
52 2 8105
88 66 3200
189 3 2819
186 37 6712
148 115 7925
90 32 4145
168 76 7014
39 19 8245
183 122 9092
191 43 9270
194 50 669
74 24 2782
185 176 8015
85 23 3523
151 81 703
100 62 9644
198 40 7532
168 115 8460
172 137 6076
22 6 6955
29 9 7159
118 90 5033
127 116 2651
170 75 9128
182 166 1282
124 121 5554
193 98 3444
132 45 3878
178 123 9884
167 148 4044
158 78 1400
131 82 9277
148 72 4947
175 161 3362
66 2 1232
140 45 9645
192 181 1533
193 117 7480
137 3 1310
111 44 9097
177 110 5634
99 51 9252
146 72 9314
60 52 2757
125 95 7206
133 39 4167
150 79 6216
45 21 7818
178 66 1539
172 87 2985
151 30 8922
184 11 6752
119 61 1298
53 12 2518
156 107 5891
138 62 3443
187 78 6018
154 104 3486
62 1 9946
37 19 5675
167 43 4514
136 20 9839
181 82 4221
153 10 198
58 15 5322
185 139 1593
167 117 6428
44 20 3617
177 132 1066
159 19 553
114 37 568
133 124 3950
109 84 4765
151 60 6943
157 99 2724
185 4 3926
80 41 7059
107 81 4347
103 59 3793
193 5 1003
65 39 9887
103 51 1946
29 1 4691
166 117 8596
152 69 1944
110 41 961
177 122 6065
154 109 4844
191 143 7374
135 98 3656
173 158 9020
128 82 9896
65 62 7246
132 53 546
157 141 5340
184 86 663
168 14 4223
116 59 2888
128 88 1691
143 14 6541
91 75 1344
139 91 5960
55 39 6894
46 26 425
189 120 5229
133 82 8542
197 167 4127
157 133 3103
70 27 5781
135 73 1970
178 7 5044
197 145 1497
89 73 4770
153 98 213
50 16 4737
166 7 2221
123 86 6624
183 165 8015
144 62 3380
133 104 5841
142 13 3327
159 53 8444
137 52 8218
198 42 3694
183 9 6801
86 7 810
106 78 8807
39 26 2622
81 77 1105
54 49 6289
144 53 5549
147 138 8530
180 164 9343
14 11 9832
144 66 5188
117 21 4267
143 121 5684
158 102 4106
41 2 1209
137 61 2173
98 17 2621
132 122 2039
196 43 4377
49 35 5951
129 102 8406
189 122 6017
166 39 9216
200 78 9517
180 92 8501
131 12 7677
136 133 1093
158 91 4149
97 33 6695
177 4 4229
133 14 7941
163 13 6237
153 89 8081
58 13 7614
47 41 8451
134 35 667
140 112 2979
149 72 5954
144 76 974
195 100 1034
128 30 8108
174 69 8820
189 145 7237
177 131 5868
132 103 765
138 103 3474
180 43 9709
159 112 772
167 78 8606
137 131 4646
198 137 2632
135 93 726
102 95 3584
128 76 7642
155 120 5612
70 61 2162
130 45 4024
158 116 3185
170 79 7643
154 66 9061
140 138 9129
200 40 2538
91 36 3335
186 152 7773
153 116 6882
189 147 2843
118 66 2880
191 189 1905
162 47 4067
156 129 6534
126 113 2781
177 118 6570
151 99 5999
191 67 6725
87 7 8247
129 79 7150
170 16 8156
42 4 1404
76 17 3773
156 125 4557
139 52 3008
167 13 8975
80 54 6212
86 43 991
200 85 1090
127 47 2692
78 14 8232
128 100 2341
118 114 8733
104 25 9120
53 51 7114
164 153 8430
147 105 7752
154 108 1135
147 66 3143
101 83 6945
68 35 6054
196 56 1920
122 121 3083
159 32 4913
154 69 3902
199 93 8849
154 137 6108
114 108 188
64 51 6242
165 150 1581
183 55 8715
192 135 3987
107 3 4531
125 48 2910
194 192 162
150 76 8988
150 107 2977
87 24 6765
103 73 543
179 137 3089
158 105 1057
195 26 3370
191 116 5964
112 24 4553
112 102 984
171 82 9536
91 84 4337
18 16 8785
39 2 5236
130 109 4933
192 186 5863
40 18 5490
182 122 7050
101 93 2471
180 105 1029
81 33 331
128 18 7102
112 22 5302
199 73 7060
156 76 1080
150 14 5102
194 153 4317
75 70 7667
187 109 4485
125 38 991
173 103 1591
152 22 43
68 19 1520
178 155 9103
87 63 4266
135 1 7136
50 39 5960
89 63 3684
182 117 1358
177 156 5952
64 23 1737
108 45 3880
189 98 2956
143 20 9171
175 31 401
179 9 2971
143 59 7665
127 112 5604
115 96 9330
141 64 140
144 112 8773
150 140 6491
132 62 3235
157 110 2098
145 39 8386
49 41 7733
161 147 2099
193 171 485
178 94 3142
86 74 3874
196 26 4654
33 5 9213
170 11 4055
177 62 907
79 21 5965
170 152 4500
142 11 4355
73 7 6442
114 19 3399
144 42 3404
184 31 8063
65 55 755
165 98 9339
171 131 8629
149 102 6742
39 23 6988
68 27 601
158 99 1513
176 131 5886
113 88 8088
198 100 5233
188 105 68
116 20 1494
38 30 5734
76 72 826
142 30 5200
46 42 6753
45 9 3092
165 85 2326
83 32 7234
199 156 4682
121 34 8303
120 83 1097
168 6 5586
133 6 7610
105 79 4219
82 35 4170
172 12 5883
129 69 5973
166 18 1282
132 110 6086
28 2 6199
156 52 5122
185 2 5813
57 12 2176
71 56 6729
136 51 5530
178 32 4385
142 139 5134
17 4 8548
82 13 4175
144 21 1878
177 65 6660
176 149 2190
151 33 6838
114 67 397
188 100 4234
200 191 1169
128 32 9367
193 127 6954
73 50 5624
194 26 55
93 44 3489
133 54 72
98 78 19
190 20 1028
55 1 8680
122 80 5561
103 14 5431
199 126 6231
194 105 4908
183 128 2306
131 37 3373
181 63 2696
157 21 121
171 105 3985
187 153 6163
34 29 7330
193 60 9041
176 119 8674
160 19 1133
169 102 812
193 17 7008
119 69 6267
67 21 8427
108 62 4036
59 27 7626
61 16 2971
76 49 1095
138 28 9277
199 20 9718
108 39 1197
123 108 533
145 79 9407
175 117 4704
145 24 7297
133 108 138
154 129 4010
193 174 6332
84 55 6321
71 9 7767
85 46 5421
189 88 6212
80 34 7867
108 100 8179
186 143 446
180 133 3709
169 48 7046
165 73 4904
92 8 4413
180 77 7466
170 70 5142
184 41 9641
91 59 4080
167 16 2993
93 69 4217
73 21 327
188 13 2210
73 64 9796
139 111 9850
68 44 1560
124 66 4782
80 36 5865
115 64 5456
177 47 9828
157 23 6904
171 5 3433
93 67 1023
123 120 4687
139 58 1903
190 126 5434
171 138 988
167 111 963
138 65 5220
198 58 2847
144 136 1067
178 143 9134
160 149 4211
155 149 1860
170 165 8930
162 54 9684
165 91 6794
27 23 1289
154 59 1448
192 115 1091
92 7 3669
64 25 4818
59 45 6691
109 3 5419
169 155 287
196 47 8804
48 3 2234
180 151 9214
150 144 1021
143 94 137
118 101 2748
184 4 492
151 139 6807
149 24 5480
188 83 7543
179 133 8386
115 39 1449
153 91 7572
85 76 4725
161 109 9773
152 53 1913
184 115 8394
173 102 3036
101 78 5360
166 90 5325
79 1 8466
191 65 9901
68 15 1533
184 140 3205
130 25 6764
136 8 8720
108 82 4028
29 14 7936
114 54 3554
123 73 4178
69 50 6236
30 10 7676
29 26 1177
83 12 1203
144 67 1576
157 95 6662
164 20 3419
97 50 8351
40 10 9224
67 22 4775
126 23 797
197 107 7054
43 25 9513
91 67 3069
114 41 2861
139 10 804
169 91 5620
78 15 1985
142 64 710
161 45 2502
171 24 1481
164 129 3390
175 42 1708
160 5 9022
170 137 3110
160 81 3953
197 126 1549
162 160 9754
171 10 2048
76 64 1336
137 124 9885
84 58 8766
129 51 6712
171 49 4765
187 44 729
68 21 2934
143 29 3515
68 13 907
126 120 7337
130 15 7258
141 111 291
177 51 3290
86 67 810
198 127 9698
166 29 2667
126 41 5069
138 25 719
190 111 4029
56 8 2241
102 22 3926
109 74 7844
86 49 5063
136 125 6947
124 64 2458
199 129 6080
131 125 6215
90 28 3169
156 119 5849
172 101 970
113 83 1752
170 24 6826
118 41 9039
172 29 4502
106 77 801
185 22 9208
173 45 266
196 95 4577
75 72 1327
192 91 4657
137 136 5034
197 90 2065
111 110 419
78 60 2602
162 32 6474
63 37 8725
74 8 2706
144 35 8283
177 176 8141
52 32 5780
73 61 4964
188 25 121
100 68 9378
129 24 4606
126 60 7536
172 167 5011
90 18 4705
174 57 2650
190 179 4498
179 30 222
160 48 2806
112 101 7520
61 51 1664
193 102 5327
91 2 5723
167 94 24
102 68 4970
53 16 4187
137 92 1714
79 30 9995
142 115 3892
68 28 3228
94 34 348
199 4 6943
61 28 3254
180 25 197
188 90 2487
110 86 2287
161 74 941
78 2 5258
182 159 9894
132 115 8947
58 47 9430
119 115 7310
134 85 6208
190 55 7925
194 106 5923
77 23 3413
200 138 1466
137 18 3495
86 18 1596
95 86 6349
135 18 9840
19 2 4729
55 45 3499
158 111 1023
178 138 8522
142 55 7088
158 67 5457
193 90 6088
145 14 3039
104 73 3496
153 4 2543
31 11 9494
112 5 1242
168 72 1361
136 44 9087
154 130 4282
86 24 242
94 2 7598
103 32 4129
27 16 5246
196 109 3119
153 126 8917
176 33 8125
200 92 461
137 38 7995
158 79 1950
155 7 7210
68 23 900
135 5 3963
182 102 4215
148 99 4818
185 19 1395
167 81 248
179 29 4375
200 19 8841
80 13 2317
150 34 9761
197 67 7596
164 112 8745
68 67 3223
133 118 7250
179 39 3940
162 130 3908
130 93 7223
144 110 157
40 28 7479
132 50 2014
198 195 9984
159 143 6635
113 20 7378
41 15 3661
197 123 767
94 45 4428
133 5 746
173 117 5662
124 95 3789
135 74 2382
176 45 975
81 69 3625
132 125 138
110 9 9158
50 17 4019
160 7 475
179 11 9956
166 96 8279
172 119 2824
123 92 6286
137 74 1631
116 60 8484
197 53 3776
174 47 9517
200 61 9401
82 49 8864
138 41 1080
91 37 534
125 72 2841
147 117 6361
192 93 1697
108 98 9793
160 77 8135
134 2 8247
60 59 5175
136 83 8286
129 59 4485
195 12 4364
120 57 9456
83 41 6324
172 95 2129
175 73 4938
177 161 3016
163 29 5604
199 102 2551
111 92 2070
199 163 2583
53 50 4570
152 1 9348
136 2 4706
167 130 7252
73 13 9535
158 19 3748
158 93 5829
157 122 6434
141 131 3409
142 5 4556
192 154 705
187 48 5459
118 42 8959
60 42 8771
127 83 6913
196 29 5007
33 31 9846
159 15 5109
62 2 9852
120 31 7942
52 18 443
53 33 6943
144 94 9393
128 123 3362
166 66 8451
74 51 521
195 98 3654
140 17 7004
197 185 6802
168 22 6523
120 8 9334
196 165 4050
70 34 7704
66 26 4091
186 98 9997
194 114 5036
128 36 1934
128 2 558
165 40 8508
161 82 6760
162 64 8621
73 5 4334
188 1 8752
106 93 8634
90 46 8260
52 5 3133
84 33 9830
176 63 2357
126 5 4154
178 53 4138
88 31 3754
190 146 9247
194 142 5849
171 146 1625
196 141 4160
136 59 1265
108 14 5832
102 35 1496
134 129 4004
166 153 3598
114 73 8306
182 178 9735
83 78 4276
95 81 4680
74 16 8058
186 163 4330
106 58 52
70 52 6118
37 17 6
166 65 7996
146 103 6889
156 65 5121
94 18 8697
50 26 5798
168 46 2139
73 26 1849
188 67 3989
139 45 2430
185 64 9495
191 122 8621
183 139 4488
78 31 286
158 17 5316
191 17 5439
154 3 7910
130 122 8337
160 26 2837
160 108 1474
50 32 7348
186 125 6576
31 12 9665
150 7 6741
124 74 6655
133 114 6231
187 110 7064
77 74 6345
123 104 2526
56 22 7665
131 46 6604
67 35 8029
46 44 8270
158 49 4307
97 43 4803
157 107 9173
178 27 9328
122 105 5608
50 6 2680
131 89 4650
157 54 9616
51 30 8047
111 2 8289
75 9 2890
151 5 6187
189 136 4976
94 10 8068
174 127 7328
174 61 1140
20 14 8942
44 15 9262
50 15 8844
191 120 838
135 114 9979
158 141 2229
166 121 8460
189 111 6817
151 2 5459
134 53 2395
197 61 1353
142 60 7747
148 94 2667
101 15 8042
151 142 1602
112 85 892
162 94 9767
196 66 8786
136 32 7068
146 58 1284
162 87 1970
75 59 3365
148 11 1160
167 11 6058
124 18 203
196 153 4164
132 113 834
63 25 6531
195 23 6343
140 116 3788
159 70 943
179 47 5964
99 46 7796
118 6 6531
118 106 5362
93 47 1180
186 7 8045
26 2 836
43 7 2585
200 93 3829
143 1 8219
184 71 1877
64 34 163
90 88 9909
89 33 6990
91 79 686
172 20 9159
126 69 8512
177 98 6701
143 6 4858
198 113 3158
34 13 7719
72 59 8348
113 11 9481
196 101 830
171 65 7914
90 80 8314
156 140 8457
146 132 532
177 36 3681
146 32 2107
48 23 4823
91 18 3696
64 32 4465
38 13 3165
182 8 2222
132 98 7446
107 9 2579
82 31 6401
102 94 2209
75 22 5443
75 5 1746
178 148 9920
139 6 2620
104 42 9463
158 37 212
174 92 9023
199 88 6532
172 74 8204
195 190 7517
193 35 3173
36 35 3042
155 151 7252
106 22 9956
159 109 8942
151 89 8265
177 29 9973
176 72 676
140 98 2832
122 96 3583
186 155 2672
65 42 2795
77 26 1524
76 75 1719
20 5 8960
138 51 9447
185 172 5770
153 92 1682
190 157 4523
78 74 1073
185 111 367
126 68 2548
63 45 5930
75 52 8469
161 23 4720
97 37 7737
166 45 8227
190 58 3902
181 131 9502
187 25 4659
176 9 9665
105 40 7512
22 8 3845
165 87 6877
178 107 7031
140 81 4950
73 59 5353
81 36 8791
174 171 4120
129 9 2860
189 142 5260
181 135 5195
106 2 8315
181 17 29
61 42 6241
193 40 4727
134 118 9009
67 64 8839
59 58 6923
185 93 4845
154 128 6971
146 5 2210
123 89 3828
103 78 2193
151 7 2762
57 50 8597
145 33 3645
114 70 3974
158 56 72
190 21 8314
126 106 4817
90 62 1227
155 16 1371
146 95 9922
187 41 7591
127 61 8682
164 106 8915
153 105 4608
145 117 7179
193 109 7035
196 176 9941
191 61 6147
175 22 5257
181 124 5933
64 41 269
134 18 5651
21 13 5115
159 6 5809
111 69 6729
87 48 5637
139 119 5963
110 82 991
125 42 2251
186 69 9018
185 16 856
115 55 7389
144 56 6786
172 118 3777
105 44 7387
56 46 5488
57 24 9940
116 27 4659
144 60 476
191 190 1332
193 167 5141
116 88 5379
56 52 3204
196 188 5749
184 133 9120
130 59 4966
199 56 4041
175 149 5242
192 176 4578
117 12 2147
123 14 5192
139 55 7611
71 64 1388
152 98 2151
117 112 8457
179 71 4183
168 41 2826
151 3 4301
188 146 9781
41 34 5922
120 113 3041
55 43 7155
194 70 6176
197 128 6747
128 5 2835
43 32 3769
184 83 8583
97 83 3422
181 106 9556
175 154 13
123 116 1991
127 1 7752
153 2 5553
179 126 77
194 140 7695
89 30 5721
199 17 2400
67 51 8950
146 25 1873
94 54 3639
197 129 6055
94 27 2865
90 81 6109
115 70 6489
67 6 1368
169 127 6411
146 69 8377
164 49 487
99 9 8655
172 105 7558
122 26 7173
112 66 323
169 157 5948
175 87 234
74 64 4787
165 60 777
136 66 6399
101 69 8136
158 82 2765
34 25 6953
166 2 3031
124 49 8424
195 53 9097
124 9 1945
96 19 9149
85 52 9317
94 82 6532
112 34 673
194 113 9566
192 137 3473
68 2 8113
169 44 8718
93 17 3838
144 82 7775
174 85 111
169 120 3410
104 72 8354
186 135 2581
37 22 3848
145 17 4423
151 108 6261
47 13 9758
23 2 1891
93 45 8352
161 154 8508
165 97 7505
179 85 8140
176 32 6594
95 62 6912
190 48 3996
142 94 8568
111 46 464
190 85 813
116 85 7799
114 109 7088
113 3 1633
57 56 197
90 61 7588
101 31 7949
127 20 4510
150 24 9004
176 4 1023
61 17 2748
176 84 3303
146 70 2131
184 3 9182
173 5 1094
107 24 7822
66 23 5336
165 83 5814
196 39 3360
162 159 5744
130 44 7445
87 29 3382
190 5 4321
85 11 3274
200 135 7842
120 16 3821
103 65 5568
62 13 5441
80 66 8198
10 8 9494
74 18 2442
139 68 8643
111 56 4375
75 28 2720
189 14 7750
162 77 4113
180 124 6912
46 36 5900
57 6 7969
166 31 7123
139 79 9939
31 20 2684
130 95 4316
115 48 58
199 104 6950
119 21 39
194 118 2950
182 119 4719
118 70 3535
187 63 7287
40 9 6188
42 27 9746
141 119 4302
185 48 387
137 60 2696
131 113 8496
174 6 3654
163 71 3597
149 48 4739
191 101 6256
107 4 1876
124 56 5254
123 57 7354
44 22 1880
115 68 9855
154 123 140
162 156 4496
190 172 2865
138 45 3481
93 65 9514
170 67 2550
175 81 7996
152 58 8172
134 71 9456
153 110 412
85 69 1162
155 153 7660
105 95 7549
145 95 8890
176 41 9048
35 4 1334
185 128 6164
128 65 3709
105 75 4774
66 5 1048
188 132 9120
102 92 3239
151 69 1917
186 108 5396
43 11 7907
106 83 7913
174 90 4236
67 38 9868
22 10 3785
72 47 1466
166 22 3062
200 153 5395
160 130 6005
191 46 2548
158 98 7928
145 3 6600
108 78 8959
169 97 7018
133 120 5789
155 31 5174
157 119 476
182 45 6819
181 31 632
118 1 2932
197 92 719
167 40 4293
176 12 4429
110 98 2579
94 75 1135
106 64 1603
175 142 1067
160 137 6454
109 101 2655
196 20 4861
172 76 255
161 57 2278
149 105 6200
150 129 7471
90 56 4858
87 84 8926
154 14 93
139 37 9184
166 122 5455
139 128 4206
179 162 3138
154 47 1085
108 19 4880
153 24 3132
154 7 159
173 120 9473
97 73 790
97 41 1482
193 68 9115
188 12 1251
183 5 8847
99 66 3507
114 1 7598
195 64 8155
137 103 2409
132 26 9102
199 113 1926
148 129 658
75 8 4930
114 105 4274
78 73 7957
91 78 4640
177 56 8273
178 136 7377
139 112 5027
125 17 6786
193 39 6891
176 15 8974
53 32 4612
131 6 1019
133 2 289
77 22 6578
147 56 779
95 44 98
191 183 9468
116 31 7369
49 31 3776
174 66 2032
164 82 8568
180 26 6165
83 23 5029
188 116 1664
138 34 7667
139 8 8383
159 3 3471
51 9 432
113 67 5862
146 138 861
90 17 2777
200 12 3107
170 66 2688
100 94 8928
193 1 3913
177 91 5072
106 24 7520
157 105 3332
134 121 5232
85 67 4025
136 123 422
143 86 3463
144 88 489
179 32 4691
117 7 5938
129 99 2879
8 5 4164
88 87 2514
162 6 130
90 53 9478
120 6 820
133 19 3600
171 147 4336
65 16 6968
36 15 7856
79 20 411
46 21 7057
179 172 1160
64 56 3113
104 69 7260
185 82 8581
146 87 3918
123 76 5361
198 81 9817
98 97 5430
169 40 7981
181 160 2501
139 63 2843
196 58 4854
172 104 1656
79 66 28
143 91 2145
137 128 2933
111 74 7166
161 158 7286
134 122 6752
195 125 5082
54 52 419
171 6 9444
185 55 28
97 15 7974
191 29 7022
98 58 6655
152 92 5380
129 7 3265
171 14 3288
188 142 8214
119 50 8709
40 27 6291
146 119 6025
156 15 442
164 72 5696
74 65 5470
48 16 4795
120 15 2104
148 42 9964
171 89 7991
199 128 6256
102 90 3149
132 47 705
174 64 9895
90 45 846
41 16 7058
192 124 7239
163 162 3498
77 59 5546
158 21 7501
156 28 2883
174 26 2484
199 173 2054
149 133 5006
97 6 1324
184 122 867
167 154 2352
117 110 8114
161 30 1156
104 59 4631
129 12 8739
145 78 1587
42 28 6745
77 46 7375
158 149 5374
192 108 4230
131 91 5377
69 66 8583
62 8 6807
53 2 9364
179 55 4357
127 5 8980
102 12 2543
75 53 7125
156 117 6478
58 34 6983
67 25 6796
186 86 4019
54 2 4255
82 44 3390
159 11 6588
186 170 5410
122 20 3690
173 83 1274
108 85 7178
137 105 4695
44 29 7865
186 99 8606
173 6 4738
183 59 9897
72 30 7553
163 77 7849
194 41 5388
113 92 9731
198 162 9172
86 37 2078
56 40 7582
116 47 7700
94 25 9836
44 39 9370
80 19 3092
72 25 4190
41 8 4016
105 60 1883
157 10 1871
190 127 6427
167 116 7244
119 33 5947
106 26 9473
181 59 2548
152 9 9606
130 68 8083
104 40 3359
190 31 6579
192 100 7038
145 52 6859
97 90 5667
161 73 4479
59 31 1267
172 152 2426
94 20 7434
147 91 5492
71 54 1312
51 5 7823
135 88 4301
133 22 6067
125 90 5404
171 90 8760
193 38 8539
166 69 4552
197 57 7886
85 56 5457
121 75 7432
136 94 7618
76 5 861
24 10 7280
114 112 2575
63 18 8058
127 71 1516
176 169 2890
125 104 7435
72 16 2257
114 12 4901
181 114 3823
39 1 9255
198 155 5380
54 38 8067
18 6 5077
149 135 6614
96 51 3627
102 77 3227
115 78 6080
187 170 1200
186 151 7258
66 20 1953
158 108 287
100 20 3206
24 18 9100
163 82 2950
104 34 3836
146 115 4043
178 102 9213
199 68 2245
141 50 6173
128 51 3229
69 46 2949
197 62 1526
183 170 7859
162 111 1029
175 124 6334
82 39 3370
93 14 2353
107 45 2935
46 31 1409
65 61 4829
157 45 3297
119 43 978
132 2 2849
122 27 6182
73 71 4183
107 100 9814
77 34 1238
42 31 5953
135 46 4418
121 68 3375
107 22 6094
127 96 6858
76 69 395
84 78 3806
109 99 4937
116 54 9214
47 9 8804
134 39 8784
147 23 8451
145 138 2608
86 45 224
194 4 222
45 43 2690
199 19 2390
141 21 1576
180 21 979
46 29 3003
189 181 8230
161 5 4884
114 89 5844
136 17 7733
100 35 9423
163 67 9596
165 2 3006
133 91 1930
105 42 4620
132 96 5170
111 64 8155
57 51 7216
194 160 5857
74 69 4440
179 109 8046
96 22 8207
127 10 848
131 61 2239
99 84 7079
35 11 1405
106 45 9802
200 38 976
194 136 9018
158 20 1441
186 58 7383
85 26 350
30 6 4202
137 104 2739
39 16 6219
171 73 2811
45 19 9644
183 19 36
170 18 4572
92 21 9199
200 98 5944
130 62 2283
176 43 2063
198 154 7728
57 55 7772
104 45 7827
173 150 4030
157 12 6530
163 35 3641
187 136 8482
111 97 5403
135 77 413
103 56 8450
38 26 1910
121 114 5105
196 131 3872
187 115 7047
150 9 5574
123 36 3300
196 151 336
144 104 1370
124 116 8666
29 27 4100
195 86 241
151 140 8642
67 41 8530
119 78 1077
198 41 7722
193 28 6376
157 29 2462
58 26 9893
84 30 2992
197 125 1538
126 78 2916
166 163 5079
166 77 1477
114 6 5659
173 2 7217
104 43 5626
108 7 8277
70 59 4039
119 5 7274
79 25 3910
166 21 7465
161 99 9927
111 27 6619
70 8 8705
92 44 5694
128 79 2861
