200 1000 1 71
184 179 5306
71 31 3309
178 91 6323
200 87 1512
65 35 186
119 112 5193
158 16 6340
131 48 2083
181 150 9632
120 4 7368
89 69 6416
165 10 6260
86 35 5811
181 29 9063
191 52 9092
81 60 6800
95 54 1215
134 100 9529
175 94 5257
69 9 8289
110 100 667
159 103 4444
148 31 824
46 14 6227
106 6 9355
194 97 4371
22 18 8361
178 3 7291
149 90 5572
60 5 873
191 26 9386
176 17 3811
128 71 1768
119 18 9845
133 123 8195
145 37 3289
56 4 5035
168 14 1980
191 168 1805
56 48 5528
145 102 8315
191 82 3016
137 135 122
156 125 406
108 49 5694
111 31 8518
95 55 1051
157 100 7575
48 21 8951
33 10 4429
92 64 3614
191 25 940
61 38 5120
124 24 497
136 76 3694
166 125 951
146 3 6981
134 105 245
192 10 7013
171 110 9669
175 86 5825
71 3 7278
170 73 3002
110 19 8600
125 27 7536
158 102 9773
165 18 9173
169 146 2996
138 120 5534
105 93 1640
168 150 9541
68 16 5850
173 155 8604
193 106 1998
190 175 3406
200 123 7357
28 25 7327
122 53 298
99 5 4855
127 122 2481
113 69 9089
153 137 8261
65 10 3359
113 82 8149
120 72 5890
141 112 3437
78 56 2080
193 51 2009
142 26 1378
155 88 1607
163 85 1953
186 127 1945
137 113 8787
116 38 1146
178 168 3805
189 126 2727
160 37 4744
122 22 4847
104 22 8855
192 147 4308
132 105 2825
105 70 640
150 16 5253
152 114 2417
135 22 8155
158 78 5334
112 85 8294
107 68 2432
128 53 6792
92 17 3498
181 4 8491
111 59 9391
92 73 4253
94 25 4411
80 47 6885
151 109 7784
107 51 788
38 19 8240
83 43 2482
176 89 3161
126 109 7757
84 58 180
84 15 1356
40 29 9685
120 44 1679
184 17 7463
17 6 3350
144 57 1880
150 94 366
81 34 1487
193 55 5688
77 5 4624
38 37 892
130 61 9461
158 110 2360
152 22 6509
162 120 9801
103 89 501
77 51 2373
68 52 4003
145 32 9880
79 18 7237
134 103 7331
102 29 6614
161 30 1919
48 45 3228
172 61 3950
183 18 589
193 31 1677
180 37 9881
194 77 7467
132 70 3449
179 52 5828
53 7 5523
32 22 4982
142 19 8995
165 62 8041
184 25 8674
146 65 4929
156 51 7560
124 98 4595
88 4 6807
163 148 7394
112 43 9704
124 109 4603
31 15 3569
41 38 7969
150 29 9857
132 14 2928
115 110 4981
153 113 2527
138 16 4599
152 32 2341
172 32 8779
199 166 872
199 174 5083
70 9 1812
193 147 3051
145 93 1484
192 42 5126
171 86 8176
182 89 9377
142 17 252
151 123 8618
149 139 2372
161 1 9453
168 42 2286
83 44 8710
188 100 560
199 165 9262
136 90 300
165 64 6149
32 13 6513
146 83 9476
154 143 5423
189 178 9143
113 78 3568
157 66 8054
170 15 6298
182 118 9227
182 26 5294
140 107 3118
155 6 6338
134 80 6538
169 127 3324
154 28 2883
175 90 4094
145 64 4413
167 131 8987
153 84 3980
199 128 4896
120 32 9109
32 3 4752
194 83 9592
153 40 2933
70 10 962
185 133 8670
64 32 9109
172 84 4039
88 73 6552
151 94 5806
174 166 2015
83 64 5513
176 115 5911
157 131 6873
67 24 1404
98 60 9566
109 57 8473
134 127 2617
193 161 3926
128 25 1187
177 12 8059
84 49 2566
91 41 2920
162 127 1158
196 37 159
108 15 1746
195 176 6342
144 5 5571
56 43 4115
146 120 747
37 34 8570
80 32 6738
126 121 8186
191 100 8102
155 137 1174
141 34 5545
167 28 8527
74 40 9506
166 131 5797
75 19 4868
160 57 5460
95 53 399
147 138 1658
184 121 4899
159 1 2826
173 130 6679
86 71 5344
176 173 5823
193 172 3665
72 5 2464
168 50 4142
98 4 1152
190 92 3122
126 124 9827
41 17 674
148 82 6189
183 40 500
145 53 6215
52 38 3340
37 21 7670
74 50 4896
170 132 6611
193 48 6485
179 169 6751
175 96 7507
181 91 6687
189 154 9236
63 52 9319
93 9 548
156 12 7088
197 125 6846
150 77 437
52 10 861
137 29 7055
128 54 1351
184 69 577
171 108 4681
96 46 590
169 101 9312
180 108 3387
156 128 6063
184 158 5242
55 54 4060
58 6 4684
102 30 5000
169 71 5807
177 10 7216
191 56 9294
188 59 9625
185 145 5789
70 36 3778
136 13 7908
105 55 7942
172 118 3980
95 41 5017
84 81 4178
103 48 4098
188 149 8691
150 140 6864
131 119 1585
102 61 3566
188 44 9539
199 40 5407
177 90 3921
136 45 40
175 77 8961
164 135 7458
183 12 4238
194 48 4509
110 76 1347
157 9 4801
158 154 7323
131 110 2647
198 51 9003
198 53 6390
120 54 8688
153 145 6613
130 12 2930
138 113 5824
78 50 4122
146 135 6492
160 56 6060
170 44 4790
92 86 5002
187 121 997
198 49 7574
185 103 4068
132 4 2422
184 75 9397
62 48 9353
162 36 4989
115 57 5181
190 84 9368
154 120 9889
84 83 3126
141 55 6401
19 14 7374
168 2 9192
73 49 2193
186 107 7322
147 53 9363
194 38 7094
77 2 1382
150 15 6084
167 113 9005
96 32 9298
187 39 8097
105 32 7577
165 117 6968
133 38 5358
133 59 1978
119 74 4801
173 2 2835
196 114 6327
159 124 7944
154 6 4413
161 102 2265
171 160 6312
173 142 3585
189 18 4941
176 133 3369
194 182 4966
35 23 9287
64 17 3458
71 41 9506
145 40 7083
158 46 7493
93 62 4819
59 33 5610
67 8 2915
112 94 7040
177 63 1611
141 124 3519
26 7 5875
160 22 5966
63 4 4457
148 30 5156
92 38 1609
154 111 3512
198 64 4823
197 162 4481
133 93 1710
141 139 2413
197 188 367
114 37 9548
49 46 194
190 17 4131
180 56 6073
188 92 655
118 28 705
194 111 1848
156 104 3314
129 86 7281
69 42 3676
187 40 282
171 111 6807
157 124 4307
91 64 3894
150 98 4253
193 46 8854
156 59 9012
75 1 501
168 36 9386
110 49 4556
134 52 3773
176 8 4713
153 37 6180
58 33 3632
89 53 3717
155 32 4982
191 63 3387
162 137 7214
199 117 201
178 16 4361
163 161 6743
161 101 2653
187 132 8447
179 71 3541
181 68 5342
163 136 7023
162 3 2026
137 94 8590
38 7 9460
150 42 6750
190 47 1219
147 125 3986
183 80 7491
145 112 4386
139 34 742
183 13 9639
44 18 6406
138 81 7194
133 64 296
163 45 3186
131 72 8169
86 14 4237
18 11 876
104 86 1224
163 146 834
185 134 1201
162 159 4134
121 82 2864
16 6 4602
108 46 78
118 102 144
127 124 393
183 47 8255
166 62 7025
174 62 8352
35 16 5253
180 30 1103
84 19 7858
46 20 8148
101 43 7443
113 30 7741
105 77 1912
158 59 1711
129 127 1248
169 130 7618
178 55 1326
11 6 5939
156 6 1836
171 120 6902
72 15 2246
25 14 2100
56 44 260
91 31 5895
127 30 9651
200 180 9648
65 53 9658
51 38 8957
198 158 8678
166 126 8505
105 79 5558
144 96 3807
158 18 6908
145 136 5325
197 76 8941
92 57 9571
180 177 7785
193 157 5043
98 30 4172
172 28 2042
187 38 871
113 94 3647
200 141 1278
192 96 5702
180 75 2590
141 52 4339
189 97 5169
138 43 4222
153 52 365
188 89 6462
140 103 1693
197 140 5665
147 65 379
158 106 9502
136 30 4171
195 101 3982
78 33 9977
114 43 8748
108 91 5998
186 74 2887
52 2 3902
99 73 382
98 57 236
181 39 8221
76 36 6934
139 91 743
177 154 5762
196 26 2115
112 101 7929
197 136 6601
105 13 6795
111 21 8908
166 8 4571
199 49 7981
120 11 2036
107 95 9485
194 45 4522
30 29 3537
173 138 5511
172 13 1350
112 79 9175
97 9 3022
73 45 521
126 35 9950
106 77 4735
93 31 7019
198 193 1143
129 6 1449
199 68 8235
192 98 7099
199 34 4419
87 11 181
151 21 9357
199 56 9895
91 50 189
106 62 5314
183 178 4461
127 119 9258
163 19 1033
158 104 3736
176 101 5717
83 37 9742
75 45 6830
153 116 4194
69 57 5118
74 51 9779
126 52 4715
131 93 6632
153 68 8861
185 8 5461
108 1 9208
190 164 2135
151 12 8072
97 29 9561
157 32 3998
189 100 2892
37 5 2994
197 58 1217
126 11 8809
103 51 1196
86 8 2741
128 92 5371
73 39 9888
164 40 694
102 72 493
200 8 9455
168 126 7828
104 96 8500
31 29 3987
187 49 769
192 8 4601
155 30 1192
117 86 5086
132 44 1764
136 36 8625
170 43 4209
184 23 7589
116 111 8508
119 45 1128
104 29 4754
39 6 1289
166 145 9561
126 5 5392
200 174 9699
180 156 4915
71 9 7677
134 123 7679
193 90 5070
97 35 9177
162 93 7181
200 179 8503
180 97 6679
185 118 3581
123 120 588
59 32 6439
109 7 5322
99 98 6745
169 93 7415
59 9 6169
148 71 3096
46 23 4934
186 149 3663
167 85 5192
38 26 9082
187 88 791
190 96 767
188 110 8631
69 52 613
108 12 9256
78 43 5878
148 74 4797
122 45 9980
163 43 5674
129 89 3262
58 5 1996
120 79 5441
173 169 2892
147 64 1236
104 97 1586
185 65 32
111 61 4953
108 10 8615
57 20 2162
84 27 7105
195 155 8980
77 12 3470
191 181 5563
115 73 707
103 37 4891
169 29 6037
94 66 3245
67 58 6987
78 77 8251
87 7 696
158 114 8101
85 74 7446
197 177 7567
167 2 5071
187 176 5207
136 49 7864
172 130 7166
153 98 4431
150 148 78
160 54 1592
175 49 5754
140 27 3973
167 151 3422
198 76 4507
159 60 392
125 92 8605
192 91 7530
194 140 9872
20 2 2312
135 68 3414
163 77 2534
132 85 4062
192 19 2996
156 31 1148
113 74 3724
142 30 7994
152 70 9309
197 127 6331
183 45 8258
58 56 7654
144 117 7977
163 22 1750
182 132 8245
200 70 1351
169 10 3976
118 82 8989
163 162 9951
90 88 8340
62 54 4935
180 167 6485
144 103 5797
52 4 4141
145 41 9752
169 22 2267
168 138 2119
175 146 974
163 86 1161
178 112 7301
66 63 6880
169 157 941
141 66 3290
91 57 4360
180 94 2478
178 70 3736
190 2 9987
72 40 6916
196 98 4182
197 78 6734
193 68 6251
60 31 9974
49 40 868
92 41 3744
157 71 1380
195 26 2764
138 37 8878
169 17 4936
134 124 2197
92 23 5864
82 67 3876
37 36 5268
108 14 5411
140 108 469
114 42 7225
186 153 1769
171 17 7447
107 79 279
135 39 5414
64 53 5795
178 174 9879
184 89 4588
195 120 6438
103 34 4720
184 70 2428
172 132 4625
176 163 8608
170 103 4156
171 163 7877
198 132 1346
37 27 7977
199 38 6022
120 14 4118
119 9 7455
170 22 7390
152 137 4205
185 16 1787
92 60 4686
129 88 2465
192 119 2610
172 153 6742
110 45 6292
181 48 6804
75 33 3550
124 3 2993
116 52 8456
191 130 7358
104 21 9184
141 113 3119
82 79 1790
191 7 6126
182 19 3330
95 52 7685
147 116 7199
130 95 4939
145 123 9947
189 94 772
100 58 1585
179 29 2703
168 112 2242
161 89 2174
196 30 4629
40 17 7677
200 160 5236
61 5 9494
148 113 5054
129 125 7888
138 133 7080
73 50 6598
174 85 8570
128 61 1212
161 116 5218
88 9 1435
192 187 6777
161 34 753
76 29 4883
76 46 7933
192 179 8261
175 165 1221
188 72 1287
87 43 7377
94 59 8083
173 150 9362
46 17 4349
103 13 1163
168 18 1848
167 94 3827
97 12 9343
54 38 15
111 85 3245
193 6 4411
155 3 3820
120 21 9292
128 10 4050
171 40 8229
158 62 1666
167 159 1503
170 107 2550
58 9 4015
142 74 7125
114 78 7225
125 44 8977
174 167 7671
52 37 677
153 147 8997
85 54 9589
103 5 6967
116 10 2162
153 31 7490
62 22 4224
166 119 8149
77 46 32
117 76 9587
173 79 3902
163 14 8410
160 5 3516
162 28 3976
52 25 4747
148 58 4823
119 104 166
173 127 8904
166 11 6567
161 151 1833
113 25 7891
126 38 8459
177 117 4964
117 94 765
145 35 2491
44 27 1298
117 91 2379
91 84 4743
140 93 4005
116 28 1424
67 11 6958
139 16 4800
195 151 9820
163 38 4571
97 94 5062
82 59 4306
167 43 8848
112 111 5447
194 144 5815
139 40 5166
154 146 5779
190 49 3663
121 17 9993
184 104 9552
96 16 1588
120 104 6512
200 197 7341
147 128 859
188 95 1916
164 11 6301
192 170 7643
178 68 2296
170 160 6419
139 49 5528
178 23 3141
199 16 3572
56 16 3857
155 60 1529
197 102 4808
153 131 3995
79 61 5205
70 39 5817
110 97 4923
86 58 434
179 65 6177
106 32 8194
103 12 8041
198 40 8299
77 28 6319
129 93 277
183 52 1242
109 63 88
52 44 774
15 4 5458
163 40 8206
164 14 291
180 81 7380
179 148 7056
182 145 1520
186 14 3462
184 165 7963
132 19 4578
46 27 446
89 36 8232
164 159 1402
177 100 8587
103 31 981
62 20 6369
117 31 524
84 23 4574
125 89 282
36 31 9514
79 21 9932
140 26 152
59 57 8068
173 55 7824
49 19 5709
135 75 7728
67 65 874
179 3 2088
171 158 3627
183 75 2138
64 7 1487
81 57 5660
103 33 3105
133 37 4148
103 16 4328
105 38 5191
127 123 3316
189 19 3389
123 98 1764
98 59 2525
114 32 1902
83 7 8739
82 38 1679
158 6 6299
105 46 8435
185 152 3975
124 20 7449
105 89 9465
197 13 9471
125 103 9089
141 33 2518
150 118 2700
82 19 2862
118 11 8719
142 116 9744
190 30 5042
105 48 6726
178 172 6515
147 135 9937
179 173 5708
114 29 152
177 172 9042
151 110 2673
104 16 195
109 42 2426
168 130 4349
196 173 3117
190 40 2708
140 66 4734
158 14 4913
196 18 694
192 85 7925
147 4 5291
160 105 4006
173 22 4500
107 105 2094
134 102 7467
199 87 346
151 143 6674
74 34 8509
194 165 2525
118 8 5680
156 153 7136
73 8 688
51 28 282
133 87 8361
55 45 3366
114 61 8817
133 34 3683
190 141 3090
112 56 9896
143 105 3817
78 49 8715
74 56 9257
158 113 8391
106 51 8942
127 50 8233
78 13 2931
123 62 2604
119 68 1304
55 8 4041
159 17 8748
65 40 7456
168 34 7959
163 134 77
115 69 2692
120 24 8290
44 13 147
10 5 1709
113 50 102
136 14 5841
154 126 2985
44 37 7251
153 129 6801
152 75 993
169 156 4278
189 140 4430
75 52 3777
169 74 86
