100 1000 1 56
89 22 7619
76 68 5207
91 10 6955
19 11 6540
85 72 8952
99 65 8024
62 19 6429
51 33 2523
73 8 5467
30 7 2602
68 23 2838
68 51 4766
98 40 2307
54 35 9378
42 34 4280
80 37 1791
11 10 3039
47 40 8831
28 4 723
96 11 3350
8 3 3526
90 47 8601
36 4 700
75 25 2669
94 90 7588
64 36 8624
96 26 9951
76 16 8341
70 21 2181
42 15 5926
34 4 1676
68 8 1132
82 63 8779
70 61 9325
51 36 697
66 55 9711
52 39 7950
91 78 5565
70 68 9119
44 33 1227
49 1 9398
89 30 8482
80 79 6263
99 51 9025
48 45 4242
34 27 8040
41 24 3605
74 69 5496
56 49 5076
45 3 6470
24 1 4305
37 18 6712
39 2 9881
77 58 4020
95 15 9787
80 39 4091
94 19 430
38 15 7836
96 38 1934
8 1 6504
26 14 9296
69 20 1813
41 4 685
81 43 8545
32 3 5796
86 10 95
59 44 2328
96 6 5892
78 44 2680
29 25 4544
54 45 8496
78 61 5062
62 48 8501
69 47 783
97 40 7144
86 64 7608
70 26 4155
82 65 2998
76 13 724
13 10 5421
68 44 7609
79 11 7386
90 12 3293
55 18 7347
21 4 8564
84 56 5300
42 31 7391
83 67 8246
80 30 2437
43 41 6222
92 7 1604
54 21 2622
54 51 3854
48 9 2580
71 52 9282
98 64 4890
83 59 1416
73 50 5445
98 9 3254
97 29 9595
38 18 8060
81 31 7529
96 57 3306
55 10 1204
42 8 8620
30 16 4006
42 33 7882
39 25 3835
97 25 8358
36 16 3343
77 60 6946
40 28 4311
67 63 9725
35 30 4807
63 3 8513
55 39 8547
98 24 5882
92 67 2643
69 55 3736
90 31 4009
88 31 7415
51 8 6100
98 62 5508
15 12 4137
14 12 2052
81 56 3499
32 17 5494
60 7 6742
93 82 3850
72 40 9924
94 89 2158
83 1 1219
56 7 8297
50 38 4643
98 48 3039
98 56 4804
67 38 97
66 34 2792
90 18 933
92 8 7814
95 64 1470
55 25 568
90 37 8787
16 8 6678
98 61 1501
100 99 3323
63 43 8555
95 59 5500
37 8 5273
10 5 3216
98 65 7407
95 34 535
70 10 4806
49 21 8128
81 66 7262
91 72 5227
91 50 7205
16 7 3758
18 4 290
94 77 8389
56 6 2336
75 66 7044
41 28 7260
78 2 5400
79 63 8360
84 18 6105
44 38 8933
40 7 144
81 21 1133
90 16 3777
63 15 2642
89 77 9009
75 17 9025
92 9 7344
85 48 7401
23 1 8739
71 7 9523
26 7 1541
57 25 854
91 51 523
75 58 8869
93 89 9348
63 8 7547
66 58 9113
74 46 3065
87 86 7773
27 5 7149
81 73 3706
79 22 288
90 64 5656
23 9 2497
50 34 7895
92 12 2504
69 59 1541
74 64 3387
99 61 1627
18 7 4704
62 40 707
91 40 9482
84 73 6733
94 20 6623
46 10 5101
87 82 550
94 9 8034
35 34 8068
98 39 338
78 25 5855
37 1 1430
76 25 5329
58 7 3943
73 46 519
100 38 7351
50 44 6755
57 24 6600
100 74 8841
81 32 859
98 1 132
38 35 8738
78 63 6333
38 3 5313
77 59 580
33 20 5751
92 55 4006
21 17 4134
66 57 4365
5 4 2492
21 16 497
91 69 7599
45 12 7794
76 64 9980
79 34 6992
48 42 1431
89 57 616
57 10 905
53 38 6000
70 41 5826
96 1 7125
57 43 8734
66 41 1857
47 18 9526
31 6 7791
38 6 1838
90 76 8332
80 42 1473
90 74 6854
96 5 2807
25 24 5963
93 37 4402
25 11 8418
95 94 6484
23 15 3217
78 53 8541
91 82 4596
62 26 3881
88 35 2416
41 38 956
54 18 5450
91 53 146
83 40 1906
97 32 7056
62 14 85
89 2 2113
98 5 1028
50 9 8001
51 21 9135
77 5 2996
87 58 1717
46 23 1469
52 18 2562
82 67 2982
80 52 3046
72 57 9388
49 16 4143
95 9 868
67 42 183
94 30 4715
81 5 6855
90 80 6435
91 38 2721
48 23 7560
79 69 1681
19 1 9713
86 21 2288
89 39 3323
86 63 681
84 74 4899
79 41 3274
90 25 1852
73 24 5864
97 19 1702
27 13 4534
93 23 1847
50 39 7389
41 18 4994
67 27 1377
45 42 6907
93 3 5910
88 11 4099
46 34 6389
38 12 4773
46 45 5625
87 36 4685
78 66 2596
47 5 6993
43 40 6638
34 31 7911
98 19 2605
21 10 1860
97 23 2659
89 11 1448
45 22 4507
61 43 268
37 3 1998
49 27 458
78 42 5174
89 59 8332
100 80 211
51 12 8339
40 3 3174
74 4 8608
77 61 6769
85 43 9473
65 59 8557
82 15 2423
85 24 4692
79 78 3347
98 46 5197
42 2 7884
81 57 3590
10 9 8173
72 45 9325
51 11 1330
52 43 9167
51 44 8837
81 67 2514
55 42 2736
64 27 2038
58 47 8719
32 10 5079
98 14 7275
75 34 1190
93 4 4365
75 64 7322
24 16 9
67 21 5884
63 48 1371
100 6 7808
49 24 3936
57 34 6047
85 20 8334
12 11 1295
79 3 7100
33 7 1240
65 61 6538
84 66 3845
97 38 5673
74 43 4664
95 4 7927
63 57 499
22 21 1717
83 12 4301
58 14 3687
86 66 4022
54 20 2968
49 31 4648
88 36 3402
94 3 345
93 48 8611
95 67 4387
46 27 5903
53 22 8766
88 81 824
87 4 8384
31 1 3677
93 31 2511
92 54 5065
53 9 5127
97 61 1859
79 17 8891
95 87 8146
72 2 3789
71 69 4881
77 12 462
94 79 113
81 20 788
87 71 4770
98 18 2504
52 44 9602
53 35 3521
70 12 6942
36 21 22
27 1 8833
70 40 2281
82 78 1985
4 1 6915
76 24 7261
94 60 9770
98 54 6935
93 86 6234
51 1 5236
71 3 1801
88 1 5370
69 30 5234
97 12 2128
80 55 4537
72 37 3792
78 43 3666
65 50 4362
72 30 6987
75 9 4864
46 36 3261
82 9 5491
73 54 5632
76 45 1587
81 40 1458
59 26 7936
82 28 7002
46 31 9373
23 3 7686
37 16 886
92 64 5933
63 56 5316
97 28 6305
99 50 6806
24 18 3333
62 11 2741
91 67 4472
48 18 6220
73 4 3461
31 5 7855
37 33 7123
73 52 77
71 67 9761
34 28 2224
85 69 2761
82 25 186
86 26 4417
71 46 4865
23 16 2718
75 70 2665
63 11 9857
75 6 256
84 27 4602
70 5 9509
3 1 6686
75 26 6397
60 15 5707
38 11 2500
82 48 9003
92 58 4567
67 55 634
67 17 7516
67 65 4459
93 27 7182
75 27 5479
72 42 7860
72 68 7269
59 54 7044
49 40 4985
81 3 7232
56 48 4858
85 11 749
86 13 1586
87 65 2286
18 13 1368
11 9 2352
100 64 6261
38 14 2202
25 2 6604
74 50 288
65 12 2831
58 31 3802
22 6 1912
63 23 7153
64 34 5328
36 22 2779
53 25 590
47 35 3119
87 1 9202
76 19 6339
79 73 4017
99 28 4796
47 44 4597
51 38 7208
37 32 7725
71 37 3752
39 9 8161
100 90 2321
79 29 3267
56 55 7582
37 12 8382
22 10 936
39 28 9904
100 52 864
37 13 9832
62 10 6402
84 72 4836
94 69 9396
91 17 7856
37 24 2612
73 59 8585
89 87 1997
84 1 2128
81 69 8018
28 11 5190
45 23 9272
96 35 4143
86 15 2760
67 57 386
71 31 7184
79 45 6642
86 72 4763
40 13 3183
53 19 5816
90 48 1455
96 47 43
50 40 1386
77 38 4007
86 44 4111
71 25 6710
64 26 8891
33 24 6685
64 38 1673
75 36 893
42 30 282
52 1 210
97 69 1278
51 15 5796
100 89 9466
59 43 6578
63 29 2397
86 70 556
87 52 7432
85 38 905
64 47 6688
93 62 3321
88 83 3458
68 20 7351
57 56 5048
6 1 9485
99 97 921
85 58 6477
10 8 8127
84 19 3047
92 66 8947
39 30 558
62 50 5460
73 10 8273
6 4 7774
76 34 5325
44 7 8142
96 2 8990
88 41 2498
46 33 2999
72 12 6304
36 33 802
92 15 1696
60 21 5227
92 59 9383
100 1 464
100 51 2053
89 10 6191
49 37 6371
34 15 1459
8 7 4786
31 26 190
85 4 2028
99 17 8737
54 7 1190
65 35 281
94 61 3943
86 62 5759
85 26 5125
83 65 9627
88 47 8584
41 9 9109
22 20 4698
98 10 4409
96 32 5462
87 75 3173
71 44 5454
73 22 2180
70 51 4092
17 10 9680
78 50 5905
47 11 9228
44 26 2003
60 49 7637
96 63 8885
97 54 4683
63 39 8745
51 19 2975
92 90 9621
80 70 9225
27 3 5290
73 55 9687
50 36 5200
65 17 6493
98 70 1821
62 60 8980
97 82 529
100 57 852
100 37 5449
97 31 3433
57 23 5629
83 8 8816
99 96 713
92 33 5672
33 29 1184
44 11 8530
58 35 5720
61 29 9394
35 31 2004
80 47 7767
95 3 6359
89 49 3123
80 4 5574
49 17 9146
95 33 7344
53 26 1855
85 73 6395
71 34 9928
60 9 1129
47 21 4515
40 26 3387
13 1 4430
44 21 6936
43 16 574
36 18 9988
47 17 5361
83 10 6209
91 42 8667
37 21 9951
86 59 3875
84 53 2405
100 3 8619
53 24 6502
99 92 2882
97 49 9984
66 36 5826
100 20 6291
18 2 4009
94 67 5580
91 23 7163
93 61 8957
65 1 9129
84 24 4773
36 30 255
73 51 4299
97 91 7659
75 39 415
66 47 2400
92 86 1192
84 32 5589
59 5 5756
90 17 2082
96 22 6960
90 38 7805
40 31 7716
97 50 6265
84 39 8378
40 9 7232
89 23 5909
89 47 742
74 12 6036
92 88 9349
61 40 1495
100 69 4070
67 28 1983
31 14 1218
87 35 6132
80 5 3605
35 27 4917
7 6 3106
99 42 7919
44 32 9660
74 29 7971
90 82 8957
91 52 8819
30 3 7307
94 34 750
86 81 3341
77 28 9645
72 67 4294
53 6 1391
27 17 6962
78 46 9994
50 16 8275
35 10 5535
60 11 5023
64 56 4652
18 9 9815
85 65 1770
81 42 6794
83 57 7157
99 39 3974
74 34 4101
34 12 4615
54 47 1394
80 27 2070
52 30 5699
16 9 2640
82 12 2446
64 49 7526
25 17 5938
43 11 6031
89 78 6061
70 49 8960
66 32 5364
29 14 7053
62 23 2923
62 7 6110
67 64 1798
99 79 1453
72 39 3037
93 16 3703
70 42 680
96 80 4756
43 7 3778
55 11 3206
84 6 5498
27 6 1693
42 36 9089
94 83 108
52 15 6222
14 5 4929
57 47 3465
88 34 9897
60 46 3133
23 4 5526
74 38 4770
59 37 3990
97 2 393
36 15 9404
76 9 4035
91 27 4466
97 4 9127
67 58 1494
69 43 5518
49 29 1373
60 30 9004
65 39 5207
54 30 4955
94 88 7363
63 17 1887
89 84 1880
18 15 7167
54 44 6497
77 75 3990
75 44 7076
98 49 988
84 55 4654
49 8 620
95 75 8102
28 3 6608
43 24 2622
67 62 4246
21 9 1842
59 23 1998
72 48 132
91 81 5206
67 9 5276
73 1 1514
71 28 3441
29 23 2555
94 17 5706
89 56 8610
80 11 8309
79 24 3878
96 50 6831
81 11 2822
99 81 7472
93 40 2280
50 18 7067
30 13 8259
36 14 3349
91 45 6496
71 58 4021
38 24 2359
46 14 6222
100 55 1975
66 56 789
67 22 976
55 23 9970
96 15 5705
59 21 7670
74 58 9367
72 64 984
62 58 9972
82 34 6497
68 66 7484
84 20 1365
98 80 367
62 52 5388
70 18 165
56 40 8853
95 85 7512
87 9 7176
95 21 4134
100 13 6015
46 16 8419
40 36 4249
67 30 6144
77 27 7960
80 6 4243
94 11 8199
68 62 8830
60 52 9391
73 3 7378
99 33 6703
36 13 375
29 2 559
27 21 3896
67 61 2045
80 50 3729
95 60 8005
19 10 2196
99 23 7957
41 14 8634
82 74 9239
83 54 2490
41 2 6778
69 10 5122
76 26 6332
71 29 216
92 62 5352
43 6 5823
94 31 3691
78 35 5491
95 6 4831
50 4 7309
72 21 4923
79 46 7498
92 16 614
58 6 3441
32 18 804
89 19 3738
87 20 7712
95 13 166
50 2 6658
54 32 942
84 25 8312
84 8 1869
87 46 597
43 14 6911
99 59 5577
28 27 8971
93 41 6018
60 57 6625
69 6 1917
80 36 6515
18 8 5119
97 83 7524
71 17 953
94 12 3683
29 8 5272
84 54 8512
74 14 8263
13 9 5943
68 32 5646
89 63 3391
54 31 4650
30 24 219
58 26 5471
100 94 7889
51 41 4291
77 53 4163
98 28 3827
37 17 2794
59 10 9992
96 45 5349
91 68 9003
82 38 8729
70 36 8393
69 1 7881
82 57 9381
100 15 1597
87 53 663
24 22 9820
71 2 286
67 5 2705
72 34 5941
46 17 3017
57 11 8436
88 58 1372
58 43 5240
62 34 751
92 10 9513
73 12 8179
55 35 6097
80 60 9609
13 5 6271
45 44 2497
100 47 3666
57 35 46
87 57 1168
61 1 5103
69 51 556
85 75 1160
91 58 1037
47 20 6317
64 45 5455
90 2 5621
51 34 1305
56 47 4980
86 67 9412
83 69 1737
25 14 8257
61 19 4274
91 65 1265
100 82 7670
57 12 6542
92 25 3817
23 11 2495
87 84 7817
92 34 886
83 42 4975
93 66 4229
68 10 9831
9 2 2087
46 5 4567
78 22 7192
45 29 5325
68 55 6292
64 42 6084
86 20 9403
99 22 5388
38 9 700
36 5 4336
88 80 4137
40 22 9925
42 9 6315
93 9 2736
58 57 758
97 5 3090
72 13 4838
91 20 6653
86 18 9372
28 23 1218
41 15 6906
40 10 189
76 61 5691
83 78 8002
56 45 2153
74 39 7670
86 43 3713
79 52 1573
84 35 3643
75 4 8866
76 59 5825
43 15 8631
43 20 7072
84 34 7262
69 3 654
89 44 5890
75 32 2722
81 34 741
86 34 7694
80 14 4516
71 45 7434
51 47 8019
89 70 3870
42 24 529
96 93 6060
83 7 6682
65 26 1682
34 10 1304
79 39 6308
67 51 2065
77 76 1283
44 35 5698
84 77 9884
39 31 4769
98 91 1589
100 32 3229
37 35 2118
62 33 741
80 21 7229
54 25 5314
49 3 4716
20 12 1592
23 20 174
60 33 5917
43 32 7717
35 25 7505
90 81 1195
86 16 7660
85 63 806
87 25 3980
88 52 9304
31 13 513
27 25 4700
94 8 7130
100 18 5561
98 51 9341
72 3 8517
77 39 3125
35 26 3159
59 2 9985
56 16 1183
