700 3500 1 366
129 108 9552
693 537 2594
42 20 4099
571 25 226
563 370 6092
236 72 9950
529 527 7174
397 136 5134
326 228 1647
651 148 557
210 158 8373
417 60 6898
444 183 2269
371 194 3933
170 153 4627
219 43 5539
375 74 9238
528 16 6713
531 326 277
74 23 8307
611 178 112
585 166 7403
259 211 4559
633 516 3395
539 49 5588
467 304 7935
629 443 4504
523 194 1938
460 10 6333
359 339 8768
536 193 3227
631 420 2665
452 262 5300
151 3 4703
632 304 691
544 85 7799
450 276 9469
586 418 6775
550 121 2760
599 136 5334
462 369 3417
91 72 9449
473 158 5792
565 241 6136
697 252 2098
573 508 2566
432 410 5830
623 204 9413
291 142 6602
443 371 1502
252 20 2617
656 199 7597
250 114 3091
610 294 1247
324 253 2127
137 127 3252
490 43 5352
540 186 9052
603 32 4791
98 95 3569
699 575 6798
671 670 5436
650 467 9128
513 207 3750
659 82 7517
608 391 4137
291 252 8047
415 290 3786
607 537 37
456 269 6145
568 185 4931
213 74 5938
452 191 2268
579 198 4229
565 533 6
628 448 9545
662 222 2299
311 34 6096
510 51 8715
444 28 7477
409 103 4502
491 483 7721
646 102 3001
111 107 941
357 14 9129
390 42 4227
645 137 8296
673 74 7838
274 75 7889
554 126 2299
215 51 5573
421 275 4582
365 286 7506
563 81 8169
498 490 8874
418 303 3824
442 346 8803
97 3 7701
674 20 9107
650 245 4932
463 103 7747
378 233 7488
438 137 9392
204 137 367
618 130 4343
517 461 1646
93 67 2122
685 114 9978
354 339 1220
484 221 8712
402 61 6634
469 6 71
683 394 6147
495 278 6499
535 242 9089
503 160 9523
545 542 1830
546 41 2824
628 18 5188
296 142 86
668 100 3613
419 181 3926
639 501 4627
333 219 5554
462 460 2956
380 306 4396
128 44 9568
167 64 4580
558 490 2550
533 177 8592
190 65 6847
266 94 4747
507 52 8853
632 283 5241
280 137 5911
231 38 1371
675 585 7822
674 77 6208
359 161 1438
536 349 2713
688 458 7501
590 20 690
170 7 5198
642 417 9569
521 46 3573
136 51 710
355 266 6159
664 420 7825
449 18 2954
568 372 3686
479 380 6245
98 36 7085
365 288 5086
280 231 1857
553 533 464
507 502 6903
394 325 5244
195 112 2021
675 534 7395
408 150 5289
639 35 3629
644 303 7250
184 15 7063
671 45 6613
315 82 9311
473 32 136
651 432 4369
232 78 9496
476 251 9394
95 19 5630
293 54 3159
384 99 9260
408 330 4047
564 407 3300
546 82 4752
690 208 9864
450 400 4214
578 229 1693
210 11 1268
199 124 5515
142 81 5899
500 489 4429
592 341 2558
99 47 7826
686 225 6509
368 22 306
104 16 2805
468 275 5595
692 43 8151
439 353 5087
634 526 9081
543 33 8456
514 165 3838
565 85 1241
613 419 4068
404 66 7471
347 316 4774
197 146 2127
685 392 5236
559 197 4748
683 677 6139
556 43 3362
30 5 207
388 369 395
668 197 2325
389 173 9116
323 177 6430
273 261 9980
680 441 4675
209 33 4552
495 405 854
92 22 5785
385 179 4045
588 325 2421
604 19 6702
247 157 5292
513 463 4063
411 375 4488
655 232 8081
655 159 790
227 26 9608
534 45 517
359 259 3776
627 182 4
668 54 4421
698 459 9923
518 226 6442
345 145 8518
253 7 8653
379 375 333
189 77 7655
396 200 4955
669 228 3492
176 162 116
294 6 9271
693 266 2374
556 524 6827
141 30 1342
320 289 2310
634 16 4421
419 413 9704
665 520 4559
390 273 4923
275 171 4156
612 574 8665
604 27 1452
511 454 1126
583 39 6794
450 412 1384
470 117 715
242 224 5587
659 288 1150
493 376 9150
357 41 610
651 330 7906
611 275 2346
387 68 8282
519 382 3274
646 205 3021
516 154 1578
161 142 8624
556 432 2143
296 270 6433
553 243 6580
674 568 6455
114 103 5501
386 136 3390
262 61 254
486 432 3817
491 223 5572
676 440 7868
451 329 5006
430 112 8526
199 53 5180
679 584 796
398 94 2226
559 113 2259
430 427 5717
679 221 397
677 580 7674
294 17 4079
568 268 3302
672 538 8284
508 243 9300
301 55 5488
427 267 5683
361 192 8537
604 390 4989
653 474 2784
383 378 6878
518 343 5203
314 269 2499
480 43 7860
629 429 3565
224 73 9326
288 140 2382
207 41 3277
700 36 2492
656 505 447
617 515 3505
158 135 1832
391 78 284
644 51 6932
520 163 1634
571 358 7837
319 245 2949
505 398 4384
277 255 4444
581 298 4834
456 221 5179
228 176 1115
141 100 6197
370 7 4984
610 24 8794
342 81 3803
558 117 8952
414 103 1122
435 357 9475
73 48 5566
446 388 1993
561 341 4994
301 265 3670
635 64 7250
606 347 5992
627 142 422
478 304 6235
382 158 272
543 36 4674
491 355 664
553 113 3239
675 219 4315
533 159 130
149 13 1406
495 47 1683
675 270 2740
513 392 563
264 146 9810
661 571 7834
635 290 5389
291 148 9369
686 259 9763
574 114 9963
670 514 3590
403 105 8932
328 304 1227
639 296 9383
340 116 1860
367 197 6060
455 96 6721
459 216 7136
378 104 5805
643 26 4233
356 38 1806
590 575 9728
697 544 9228
633 396 4365
669 120 3150
426 133 2350
162 68 4337
438 319 6763
652 156 6112
529 6 4127
122 18 9691
675 94 7426
355 328 3460
346 335 9960
421 328 2921
600 205 9636
397 173 9409
431 407 4816
148 97 287
554 280 8124
211 20 4209
580 426 851
609 606 7991
295 75 2081
601 342 9204
340 97 2783
388 56 4432
664 323 3880
457 49 9506
587 411 4495
471 179 5930
245 161 9768
207 195 701
494 454 7026
455 419 1171
564 316 6340
138 58 1348
529 385 8887
319 95 3749
694 68 6573
378 226 6534
227 191 2685
700 40 9665
255 115 8164
548 280 5427
599 587 2220
645 266 2030
700 240 4430
641 512 6102
451 363 2672
511 245 7616
630 486 347
541 331 3807
668 438 1056
565 466 1011
426 19 1848
609 608 6298
687 235 1321
249 68 1527
481 4 3389
453 49 198
614 356 1862
212 81 2991
491 83 4966
466 119 7650
600 496 8689
631 68 3065
252 66 5424
491 276 8953
689 255 8528
523 333 7529
100 95 2941
316 64 7319
473 281 5640
399 230 2213
436 412 6756
411 23 1912
527 392 2702
416 171 4424
227 224 1443
493 33 4416
466 6 5485
615 206 4262
359 257 1065
635 104 4311
568 443 1144
545 201 3279
546 423 450
365 264 5671
487 406 5536
490 241 748
681 231 8915
410 274 689
407 134 2216
147 14 9312
589 82 597
647 564 2823
663 631 4035
326 21 1368
476 326 7116
596 443 6721
588 57 9138
320 170 1856
552 50 4628
679 478 4995
382 125 6680
606 244 9120
310 16 1944
267 9 7381
582 265 2525
454 432 5669
697 69 7352
419 258 6674
379 352 4729
617 492 9092
550 388 1755
658 276 7767
513 88 7733
607 379 2235
509 314 6554
495 418 1686
582 165 9940
631 422 8552
540 347 6689
608 47 3958
131 58 8112
294 102 3934
520 88 3139
541 324 537
307 293 1884
566 80 873
572 108 3765
86 70 2971
218 154 5359
346 161 9500
611 600 1238
273 52 9055
352 217 956
345 291 7612
508 448 548
411 9 5378
307 209 8440
403 217 4805
614 40 3456
641 151 5099
647 507 8779
553 474 842
677 409 7009
565 440 2785
271 70 3155
530 271 2452
603 40 2771
688 170 1061
300 293 5922
652 283 1564
214 206 2834
526 61 6819
682 648 5387
679 165 2292
696 444 3255
262 33 2124
509 190 9126
433 245 4390
258 170 9983
641 106 7514
658 315 7441
694 14 7097
578 572 7402
297 212 8381
368 275 8975
332 232 5140
223 19 7482
645 424 1972
310 140 4127
495 31 5961
179 129 1551
185 172 9967
447 375 8675
658 244 5174
526 267 120
660 95 5735
318 56 770
568 313 9109
550 323 6039
690 272 7410
430 287 6113
502 120 5136
408 173 5884
576 39 9382
538 13 6090
492 449 5482
603 305 1713
564 168 4932
450 433 5395
566 523 4348
512 130 5147
687 259 6875
362 310 5857
657 79 6630
631 546 3626
306 283 3747
599 322 6711
201 32 4155
604 72 4077
320 123 1080
323 293 5673
637 286 6112
455 63 2399
279 160 2235
116 33 7989
311 79 5551
467 25 593
546 250 3318
201 139 2218
613 364 2467
600 389 7315
579 521 4645
441 148 8909
288 174 3023
362 156 1001
338 337 412
536 339 9284
303 42 4344
670 237 641
421 158 2259
129 117 2854
340 299 4714
478 355 3618
384 139 4299
513 128 2468
618 491 6669
483 343 9659
343 72 4300
503 116 434
247 95 2233
619 267 8377
519 97 1007
518 162 4137
415 9 4433
530 438 7120
584 56 8980
698 199 9793
279 187 387
432 103 3731
122 47 8296
67 34 9796
524 258 6109
619 450 6655
674 359 9686
417 106 5732
649 251 3793
527 414 1823
659 134 6752
575 327 6402
548 226 4953
479 93 3891
652 569 1463
555 122 1713
392 131 7145
258 43 4975
578 480 4673
660 285 5907
541 63 8956
176 151 1910
458 42 8615
492 33 2012
70 42 4427
675 291 8569
465 450 9945
549 295 9419
337 124 8309
274 71 7237
378 206 3745
647 485 4461
625 134 7057
472 182 2831
626 458 9144
559 351 7063
403 13 1707
223 189 3541
602 202 7485
651 117 6437
462 161 4085
651 61 630
697 468 1953
203 46 9864
652 384 7907
141 45 1309
502 420 3615
658 500 859
543 463 8014
431 371 5599
252 167 8597
197 167 520
285 153 8272
292 284 6335
651 458 4015
289 61 5834
620 413 7794
678 15 7586
624 230 5511
441 177 5099
443 431 6470
259 238 3517
685 446 1593
220 111 5584
544 218 4271
388 106 6616
513 262 1213
426 312 4442
613 60 3617
594 145 9660
270 250 230
176 34 808
490 129 6508
233 225 2877
612 305 5312
608 59 8825
297 33 8077
493 157 1614
402 198 3649
391 369 5700
196 132 9836
93 70 4557
466 315 6753
654 255 5927
577 564 5579
658 228 2966
27 14 120
280 40 7685
483 245 4774
379 111 5072
316 250 8698
203 33 293
221 61 1071
581 162 3736
365 198 6561
560 404 6826
364 23 3488
293 259 6554
304 191 6055
450 284 2350
334 279 4486
429 395 2875
479 68 9887
95 92 9834
609 462 1638
437 314 4230
527 411 7480
309 91 6993
665 178 1997
467 160 3274
450 357 530
179 146 37
674 645 9994
598 158 5159
522 143 9935
470 418 5466
195 191 5585
221 126 3860
690 295 9846
614 592 9565
660 643 4965
584 434 1408
258 15 5492
696 286 8486
700 107 3243
446 418 7217
639 544 1081
436 207 5736
341 281 5311
662 202 1996
545 10 8909
400 315 2053
412 269 896
381 214 8633
569 39 4409
383 13 8860
442 402 5266
567 342 999
617 351 3248
291 133 849
556 134 1824
276 197 8910
643 373 9461
255 101 5994
628 612 1873
508 377 3154
625 358 6434
611 125 9586
527 432 7374
379 112 5874
147 135 488
504 351 8522
331 151 7911
608 171 5451
408 174 2199
419 284 4179
475 456 7882
700 458 8969
148 88 9341
445 174 8927
296 2 537
396 340 8225
647 29 2812
595 226 3640
562 369 3508
642 387 483
427 3 4160
519 279 2010
653 299 6934
403 243 3400
404 75 1133
527 470 5092
492 21 9154
558 535 7695
289 121 6148
423 216 5749
570 132 6147
400 140 5726
441 114 6400
451 8 239
117 21 2579
391 55 7318
564 133 4222
338 292 8698
423 86 8264
280 223 9508
197 31 2267
606 212 7198
253 213 7392
518 320 5113
596 131 7585
506 71 9882
603 358 56
455 277 245
499 344 9491
468 170 1859
562 240 9285
672 569 1493
673 153 7428
571 537 6719
499 497 6963
467 20 1886
345 139 410
684 547 3025
79 38 6271
415 151 2972
653 146 3107
682 561 8670
259 166 5309
501 421 5446
469 380 1620
215 65 5048
490 169 4448
352 50 8074
41 9 9708
424 378 6908
524 19 8726
364 296 5840
620 89 118
472 406 9433
198 127 7860
637 338 2215
548 466 864
678 411 7583
357 111 7673
647 572 4301
523 16 2376
274 25 3038
525 115 3583
376 238 616
474 203 3307
669 18 2072
692 416 2840
627 465 3537
654 97 1511
583 426 736
572 163 5455
563 168 6054
438 337 4548
412 168 6958
536 427 4494
189 51 6856
543 151 7113
550 322 7038
460 420 9247
383 353 5653
334 298 2004
245 144 6162
542 453 9036
616 97 4185
544 187 2340
171 48 9116
546 249 7801
614 562 9677
638 117 9387
175 34 7769
476 121 8452
600 189 6435
656 108 9775
187 36 8453
594 507 258
532 319 3758
621 439 3982
127 82 6584
484 200 8106
445 326 4402
343 221 8549
669 323 5614
560 15 7692
657 281 350
429 316 7188
532 150 333
400 345 6422
650 274 6383
449 343 6288
440 52 8582
300 44 2889
652 195 6778
529 222 6112
585 472 2333
548 441 6641
324 312 6466
689 362 6129
669 141 2672
408 297 6609
592 474 2918
641 286 8629
579 174 9912
505 428 6915
671 633 1704
606 109 7448
586 280 2893
433 174 4532
652 332 5115
581 149 2391
182 33 9881
205 170 2416
308 269 7645
548 369 5661
609 537 7590
532 314 3530
444 438 4922
485 483 1060
639 416 5509
410 269 27
650 193 4463
610 603 2792
502 196 8100
524 297 9629
458 102 1161
667 378 6199
31 27 7535
504 357 5534
509 416 8588
508 60 8775
602 599 5167
358 201 2413
435 307 3308
536 115 4545
555 535 6175
659 131 3798
669 354 9347
509 139 1701
616 546 2801
416 404 7662
528 409 2562
682 628 1741
438 52 2274
329 120 7331
538 501 3558
338 4 9858
259 162 8129
266 15 9281
661 556 910
623 216 66
589 463 4401
501 434 135
247 217 4600
480 155 7360
591 528 7357
501 157 5047
434 381 5868
349 6 2418
237 92 5753
693 308 6043
470 89 1129
673 233 9859
372 54 5938
271 160 4957
195 129 2619
644 630 1395
507 87 8810
300 113 5366
418 411 4771
685 119 2746
67 10 617
512 392 5144
386 306 9807
628 164 7845
150 136 3818
127 71 1056
558 210 4747
472 188 7216
407 103 1929
125 54 3442
501 440 6478
682 84 5120
676 575 4174
647 236 9306
464 218 4692
572 481 4455
279 151 3492
431 288 5785
578 538 2797
471 313 9305
600 186 5574
631 558 7241
684 352 6424
153 76 8278
628 119 6954
348 298 2730
465 22 4860
171 134 6800
457 223 9103
683 405 4800
483 83 1827
312 236 8935
404 359 9770
369 118 4976
414 124 1491
295 252 6747
370 136 6765
546 112 5428
197 162 9233
669 351 6865
541 433 7317
516 168 7775
608 369 5435
546 439 7273
613 51 7975
592 515 8677
412 316 9591
480 174 1730
473 23 5972
643 191 2767
167 48 6110
587 23 7851
557 416 3429
132 59 5413
503 457 1717
507 127 5969
282 3 8375
385 315 6791
554 187 6075
624 340 2749
685 84 5176
254 231 6745
223 184 6204
132 15 2679
293 176 8233
225 177 3912
463 229 9352
281 81 3793
665 156 1788
491 230 3081
575 404 5136
333 177 1995
678 556 3627
594 395 7663
514 147 9622
123 59 91
256 136 8482
217 150 5287
220 210 3367
196 34 9254
410 28 7367
540 522 3891
487 241 6525
120 93 9979
113 65 3565
685 375 9001
549 239 850
281 12 4277
261 125 886
630 257 3459
536 18 1691
346 132 4548
193 61 2192
692 391 6096
560 324 6214
444 154 4636
556 197 7426
689 620 1860
403 51 5301
180 170 7361
664 332 5254
343 46 6095
297 261 8024
484 215 3598
584 364 6563
678 69 1050
395 127 9476
533 322 626
595 551 5583
595 290 7060
397 131 1965
385 61 8575
99 80 8824
504 310 5340
402 317 9310
189 139 6306
66 8 6272
463 451 2577
617 163 4114
500 261 5648
589 399 5803
589 548 1069
697 62 9042
351 311 3001
684 582 7545
676 262 3090
563 485 300
380 329 9579
470 300 4488
428 275 9543
148 112 2505
496 157 4485
510 149 3397
533 348 1007
457 203 2748
262 26 7351
378 327 7116
247 159 7240
621 281 4173
647 302 2351
491 155 698
317 209 5705
591 558 4001
594 527 3490
410 201 4026
531 360 5794
572 235 5023
678 214 3023
500 472 4079
357 259 5184
364 283 1780
700 582 1026
365 174 2712
647 510 9266
493 270 4609
204 108 3873
680 88 3723
612 75 9052
567 236 7023
629 345 7120
556 168 3220
534 20 4453
664 111 6008
535 521 2546
683 312 3196
376 51 1321
586 464 352
527 18 8696
611 371 6339
448 123 7440
343 251 5358
637 142 6656
608 96 1124
533 199 6148
502 31 3912
643 82 707
337 279 877
334 322 3644
427 147 6350
331 126 6662
571 477 1976
619 412 9493
344 37 1896
568 555 7060
582 341 7430
452 30 9296
642 144 1868
366 75 9473
571 26 2760
335 168 4394
507 503 1888
683 356 8519
551 89 8977
450 115 2048
620 150 1589
322 129 7327
517 358 1963
612 135 613
268 94 4281
630 183 2426
354 132 3589
446 93 7240
536 22 75
680 530 2286
580 129 7983
287 164 4528
420 314 7170
373 100 1599
700 490 7347
173 55 7367
559 394 6187
678 400 8092
325 47 2587
435 35 6251
311 232 6520
506 472 8046
314 72 2968
303 73 2700
670 160 290
345 91 3852
373 368 8651
665 578 9289
357 264 1165
419 259 9391
616 485 2051
629 456 2258
137 74 5935
219 61 9442
331 72 4914
562 166 7589
501 496 2171
389 182 3489
698 151 4097
79 50 9434
506 495 3413
488 139 7819
429 33 483
210 184 4836
312 94 907
452 275 602
580 415 2325
521 458 5174
640 378 1373
620 423 3397
493 291 273
461 272 6841
584 213 4908
604 351 7875
135 68 1656
491 207 2411
466 421 4750
593 266 1943
411 335 110
657 386 3667
655 443 6822
697 63 5702
667 514 2720
343 333 2835
593 323 7357
430 177 2997
680 450 2196
267 196 2325
503 163 3447
700 214 1853
239 12 4868
462 408 8575
521 206 207
491 235 6145
612 162 1640
359 174 7816
340 245 8910
649 562 7939
395 161 6602
296 279 4022
469 455 2687
612 134 9521
412 152 1800
606 182 5341
537 119 5074
488 348 1247
543 405 4597
689 242 2057
422 278 507
271 77 1632
455 25 3278
524 130 1273
434 372 4962
346 273 695
528 344 1861
576 154 2632
240 46 2838
661 286 950
326 184 2
480 101 6859
300 60 6777
329 290 174
220 14 7251
352 229 1600
443 181 7184
424 165 517
462 88 8898
147 142 1674
348 95 1672
699 189 1016
433 368 8797
437 40 2209
432 244 8704
73 50 1483
556 459 5339
477 72 828
465 7 5575
666 53 952
250 91 6851
679 258 8214
456 381 5450
648 384 6016
290 17 1319
536 225 2692
622 92 129
591 372 2021
216 120 4947
261 25 8950
538 275 8861
507 484 182
565 554 6521
433 177 9625
611 544 1594
666 94 3780
518 205 1518
643 102 4436
607 436 8129
163 147 6999
487 2 5055
126 77 8001
617 389 5372
320 180 620
529 190 8908
650 590 6417
273 192 2690
225 80 8426
650 149 9672
670 142 4905
236 37 6837
245 238 7207
401 291 8281
374 179 6640
470 2 5044
389 224 5055
326 227 2787
110 70 6011
698 506 9696
623 558 2101
647 209 460
590 1 1455
575 438 9816
521 197 6600
218 184 448
545 58 2964
291 182 8794
670 309 966
567 382 501
525 153 2607
468 144 4645
687 551 4560
694 174 3451
613 204 3748
312 60 6932
268 250 253
315 18 6900
414 149 748
378 88 2259
389 347 2421
547 360 5226
506 51 6087
387 62 8011
531 307 2735
484 15 818
581 485 6553
171 154 9000
422 10 1024
619 587 3119
677 368 640
415 64 5051
310 74 8448
617 97 6280
444 399 426
541 262 497
407 93 4438
691 473 884
254 30 6663
537 310 4704
648 180 4864
418 277 4856
358 93 6736
132 125 2380
531 226 5258
677 50 1859
667 480 1540
391 73 2670
387 99 3370
440 330 8809
642 369 1778
645 36 7529
459 142 7300
535 442 7295
572 367 2357
531 408 3177
351 184 4894
574 75 5012
672 329 9353
272 202 8802
236 174 4793
399 240 1910
380 164 9524
602 283 57
426 199 9407
680 122 9730
670 233 5285
389 67 5080
636 381 464
410 56 9290
629 405 6472
366 295 706
697 349 8668
443 435 9241
630 514 6034
316 124 3234
696 124 1636
492 109 3076
579 515 7409
213 26 1198
508 139 3994
597 491 2952
687 53 7379
289 108 8642
574 239 9120
249 84 5267
557 410 1782
536 460 346
304 102 4890
430 190 4297
415 61 6321
652 226 5360
462 102 4967
685 472 5614
635 120 4055
495 220 5228
698 19 9697
656 365 3070
443 196 8768
696 300 7897
307 70 8364
511 75 9995
244 242 3441
298 172 1466
594 304 9911
188 52 8218
589 467 8816
460 182 6192
372 319 4392
647 32 5911
667 365 7661
552 383 7152
433 70 8244
497 151 3725
164 76 2461
665 330 9854
541 419 2306
651 226 8786
610 589 4292
664 13 3494
508 293 8691
308 301 6622
231 68 3114
541 3 1590
504 301 2135
578 140 7344
615 282 6253
514 42 5546
420 346 9622
322 175 899
535 416 9314
627 426 1794
690 404 2534
560 539 8557
535 347 6253
341 124 4004
241 240 65
233 5 482
420 142 9623
538 374 1363
523 137 8926
449 390 5305
579 350 3694
410 332 1096
578 543 1857
282 64 1151
570 421 7591
473 104 5106
643 139 996
537 155 5863
414 58 3739
377 209 9178
648 617 2896
449 163 9862
567 446 1255
616 506 4358
247 54 1658
244 43 3984
382 206 8968
441 186 747
448 441 2981
216 86 1334
440 432 1277
359 54 363
490 398 9154
613 383 9923
329 92 9232
498 312 2277
430 292 979
605 265 9397
204 64 6161
455 320 7172
605 115 2968
562 546 545
277 8 6206
342 268 9364
209 133 2496
59 39 3997
331 32 9114
375 305 3802
563 225 1199
344 12 5556
490 306 9834
269 124 2579
531 468 2597
212 138 753
564 190 2488
278 95 9487
399 271 280
658 44 4302
170 65 9534
645 110 1235
664 430 7499
309 188 5602
333 5 9887
566 246 5775
687 445 5387
422 223 5533
434 213 1780
372 170 8431
281 2 6699
577 81 2834
358 252 7095
219 56 2758
395 62 8617
631 10 2351
698 229 7428
208 120 7018
523 348 5721
475 249 2498
243 28 5671
671 630 2840
201 29 1593
91 22 7734
320 108 3356
313 271 5552
682 446 6032
379 127 5139
648 16 1745
570 108 2072
258 235 264
616 348 6710
444 100 2644
183 64 3678
271 14 5696
267 114 8932
363 311 7092
237 35 1831
357 114 4818
424 52 896
645 524 7419
411 292 9177
531 213 8241
656 558 7737
282 209 8041
256 155 9239
660 349 6622
474 80 3737
158 13 4686
331 298 3171
638 484 267
583 134 8130
417 326 9451
554 311 6793
339 73 2364
135 46 9749
680 110 3881
417 319 202
243 29 7211
288 75 6548
95 53 2356
459 161 8504
694 141 7749
606 508 1019
370 13 4393
194 63 2998
527 190 5597
487 29 7806
467 6 7988
693 102 461
499 76 3588
549 369 4049
174 53 1794
186 112 8144
454 292 4907
232 177 8827
667 231 5703
165 10 8224
264 46 8412
191 58 8365
545 532 6220
463 304 1320
497 71 4414
321 293 1593
656 419 9156
531 130 6586
579 226 246
425 357 2331
269 175 8436
687 287 7324
391 284 6620
545 203 1053
484 442 3896
582 31 5803
282 263 2784
540 39 8946
417 150 7720
604 561 6946
100 91 3194
370 71 1474
570 322 8124
580 510 6092
700 512 3556
350 271 4197
430 364 9656
568 109 8410
354 222 1820
285 231 333
311 174 5840
687 459 7051
620 601 8619
241 10 2005
492 3 4339
554 247 2315
433 316 8918
688 653 4073
478 174 8209
408 24 7241
304 237 2221
656 377 1151
219 173 1005
540 64 8900
561 522 152
320 207 9345
253 9 2768
562 98 5323
215 43 1083
375 367 6279
628 501 9216
477 126 5115
621 564 8178
646 314 6480
353 66 626
292 243 1482
503 383 6537
245 19 5756
478 418 248
472 268 5210
431 200 2832
615 471 2183
652 576 993
561 180 3467
424 256 5179
252 233 8828
610 318 3423
636 336 1220
397 183 5847
503 147 813
543 161 6334
681 109 6974
355 343 9445
690 93 7357
698 694 9462
237 49 9624
391 175 2598
347 246 7913
334 123 8127
694 321 4188
606 442 1532
525 278 9004
196 30 912
250 41 3250
671 613 5726
661 497 3121
150 13 884
642 620 5171
654 529 8943
506 291 1956
441 282 3674
575 200 2115
207 203 5129
563 113 848
578 475 9427
331 166 1048
438 188 9009
308 183 5837
499 294 2618
423 135 1403
195 62 5174
133 10 1777
634 590 7181
323 20 3330
491 222 1355
537 371 7209
371 331 5135
137 63 6481
209 109 4655
198 2 8785
253 33 612
270 11 4158
616 308 4099
686 293 9881
168 84 5163
522 460 4496
556 27 3101
407 55 9469
637 223 730
449 73 4988
448 422 1760
511 287 6170
611 41 6515
507 168 1988
648 430 3959
457 57 3692
646 70 860
372 177 4321
685 323 6662
435 194 1257
658 301 5040
622 214 4499
224 203 4896
338 105 8627
215 27 4379
675 547 6196
644 167 15
604 135 9607
690 150 6155
575 4 7569
265 70 6402
598 595 2648
209 80 4423
563 72 5790
324 47 7533
682 241 4420
617 272 4988
668 404 5067
640 257 4068
622 78 1979
143 29 1943
669 466 1699
408 374 8287
208 114 4714
349 293 5858
691 500 7141
532 523 1856
217 34 5164
365 202 9960
609 193 8038
504 250 7069
243 100 4390
669 88 9281
403 107 186
529 496 7616
318 173 9500
614 24 4543
573 50 4491
86 10 5543
648 579 5561
322 258 1234
492 460 8336
147 133 1664
264 155 7010
557 443 8123
645 467 5662
203 131 8551
683 224 2711
359 24 927
494 55 9497
505 239 9670
505 199 7678
663 231 3969
545 301 4868
267 181 5332
388 300 1140
602 18 5196
695 570 7538
440 40 1939
542 404 5425
651 515 1139
650 378 8684
506 411 9134
473 119 2514
428 260 4648
522 21 5823
634 123 4156
656 592 434
499 380 8334
691 127 8183
337 26 3455
682 617 5484
465 73 7109
415 58 2190
287 216 8581
393 34 9290
317 3 6397
488 161 8988
373 246 633
606 183 5809
600 485 9068
232 145 9265
304 163 9030
565 179 2665
367 113 1995
568 217 443
354 317 9648
501 399 6513
352 79 1900
89 4 3578
434 33 75
479 121 2615
589 394 3223
316 155 7325
536 512 8553
86 71 3061
682 337 4041
393 165 8089
413 114 8431
264 72 9382
228 114 502
264 11 842
444 113 1013
639 400 6770
307 36 4721
523 277 621
309 88 522
671 635 8896
644 439 3863
674 493 7771
431 65 844
325 42 9543
569 169 62
570 74 4099
406 242 6319
592 4 2083
624 592 6278
683 473 6466
614 505 1156
467 72 9489
375 93 2744
556 118 5656
412 71 6191
673 30 4337
221 38 3338
586 414 6285
455 431 4125
557 434 7155
471 76 4229
369 210 191
477 290 1907
424 225 1443
630 109 4023
411 370 9849
153 119 5643
110 81 1350
639 575 742
605 420 6817
655 498 7731
623 391 8712
129 12 5296
472 104 2501
581 420 3186
435 224 325
350 277 86
96 17 6242
498 150 2995
75 38 8972
454 350 2746
697 36 5611
468 152 4839
437 125 8134
422 377 5372
174 86 4774
228 73 2067
577 48 4392
217 115 6359
608 498 1468
335 24 3036
251 37 2234
529 313 3741
599 367 2397
156 33 9950
648 590 651
512 332 7368
280 214 401
607 352 226
574 439 8019
619 203 4234
632 192 8952
326 293 3796
246 140 6717
319 173 4429
265 143 7038
574 491 3534
147 36 6829
498 405 3096
402 29 6865
473 395 6136
617 418 1868
588 568 6249
231 26 3509
600 24 6254
552 142 6558
177 106 9122
283 220 3970
298 272 4527
508 73 4159
494 104 8685
395 187 6054
440 273 5160
550 438 5143
304 184 1590
316 92 1569
661 308 9029
310 87 2223
619 268 5238
622 237 4528
580 536 2578
219 194 6390
390 1 4716
647 256 908
674 107 5917
454 256 5853
532 529 6232
381 340 2020
672 68 7893
630 92 3131
433 298 8915
405 149 8568
618 174 4798
621 595 1878
564 328 5821
592 337 447
376 364 2772
300 152 5904
535 192 2263
368 335 9396
682 224 7498
678 196 9003
614 189 9919
595 538 1566
107 46 3578
499 115 6693
393 325 7594
445 354 2260
612 123 6034
243 205 9256
202 188 9956
692 535 2173
382 234 7644
476 217 8099
143 79 4070
476 16 7577
419 172 5248
614 36 7418
680 538 2805
617 311 129
287 181 5389
101 57 6866
595 420 9762
616 170 6385
306 188 3534
569 73 4860
187 25 46
557 539 4363
550 170 6521
483 252 238
251 178 9156
503 156 6193
65 23 4922
537 51 1585
577 427 6999
299 283 4796
406 141 7207
511 216 4092
594 456 3974
647 518 8280
403 156 6285
661 167 5904
685 571 9200
560 450 3498
475 159 7453
620 348 6143
611 31 1154
361 34 5077
514 346 5518
600 231 2011
579 463 1091
449 250 4145
409 254 3137
561 45 7639
456 442 9975
608 331 3406
89 38 6542
600 535 7979
425 263 1972
571 287 8864
589 534 9580
610 153 8545
182 44 2237
643 328 8844
666 378 9167
501 20 6883
490 445 237
384 216 9241
673 645 4525
587 126 4543
699 551 9942
587 551 1894
436 37 6891
536 431 4911
655 406 984
402 251 3934
284 151 5128
372 241 8030
647 122 8745
634 50 713
302 90 6273
700 697 701
650 13 921
675 287 5509
456 103 309
628 430 9994
636 27 26
635 276 3792
644 482 822
297 66 3738
617 486 3819
659 554 7809
280 92 6787
479 235 267
348 226 5308
679 297 8497
522 116 8506
472 364 5179
303 168 2616
671 488 3483
448 150 3029
384 298 7121
632 319 6321
513 375 35
628 325 7840
403 376 2387
435 284 5244
87 10 875
476 397 8265
625 130 4936
608 6 485
577 261 2266
627 75 7039
497 272 6151
414 408 1457
675 89 2820
477 310 7877
622 584 9890
688 86 6416
586 248 4117
683 620 4680
248 222 3832
697 438 4237
475 421 4707
688 172 6358
42 24 7619
343 304 2914
635 366 6349
678 444 9788
548 233 7391
286 177 5855
630 500 9477
284 277 376
541 368 2815
648 155 450
619 485 1216
459 275 4303
574 486 3572
442 179 7065
252 88 9578
687 284 6048
468 425 7977
362 232 6874
674 15 814
227 202 3504
320 178 184
555 190 8898
334 303 2025
359 134 8263
471 457 9430
470 159 683
576 189 2743
462 212 5788
616 20 5329
548 507 5402
663 637 1023
415 398 9119
684 348 1068
590 68 2918
380 184 8737
609 314 5737
469 200 3383
449 39 1778
365 296 6838
380 364 2193
612 32 9488
695 372 4161
683 156 8543
289 142 4288
494 123 8220
508 168 3584
265 239 653
493 401 2462
679 305 9308
605 334 3839
212 207 4092
231 14 2379
457 372 5874
324 241 4397
170 101 3270
617 145 5877
552 70 7204
566 243 1960
656 511 8369
429 15 9529
652 443 778
611 167 4401
588 319 4292
543 414 2301
593 275 4449
51 22 5956
218 60 9592
415 219 7955
513 142 3117
280 141 9928
696 292 5046
347 200 8332
666 460 2912
647 3 8509
401 329 3872
634 292 9179
579 26 9834
498 422 4332
373 59 9947
668 403 7170
568 168 4331
605 183 7495
581 234 4538
88 2 3054
525 45 7912
472 58 8066
416 106 9152
646 413 7131
637 333 1437
634 359 8279
625 534 6690
489 241 483
585 554 886
442 181 274
496 226 3485
187 133 1712
451 377 9351
664 649 1327
626 20 1458
650 84 8282
111 23 1005
364 123 3421
574 525 4142
627 304 137
271 250 4935
607 126 7707
231 88 5440
654 72 7315
244 111 8444
470 274 4142
448 93 3354
633 156 2546
414 86 6024
172 17 7939
454 431 698
527 499 2545
291 107 4744
263 150 71
439 57 4795
376 253 3962
554 217 9744
329 300 7410
551 291 8989
643 217 8830
568 557 9824
540 213 4482
346 268 4782
513 215 6275
317 107 4505
529 389 8451
633 417 783
226 104 7420
367 239 401
151 104 7229
262 80 7934
495 108 7968
616 402 3367
681 507 8438
692 385 6448
563 90 9030
483 160 4288
284 110 3852
440 222 2335
663 79 5380
176 44 6780
394 320 2744
298 158 6471
403 323 6941
335 239 5258
490 224 4123
699 648 6170
441 79 9719
532 4 9084
609 162 9826
377 302 4590
278 16 1138
546 72 5914
179 99 6800
611 100 3234
579 149 7777
663 617 9573
645 152 348
332 224 1351
411 172 2931
541 203 6473
539 536 1743
331 245 9459
460 338 3046
316 66 6324
520 432 9213
172 159 6360
524 275 5204
554 44 2021
600 434 8143
488 196 1975
562 61 4916
442 260 4485
594 143 6628
658 223 9600
376 180 9045
396 197 7468
262 231 9766
689 677 6953
487 287 223
513 106 4236
196 54 2989
673 416 4519
688 289 756
154 61 7835
393 313 7772
516 163 9292
266 68 7115
612 551 5885
629 449 3060
111 56 9377
677 40 9284
81 24 934
569 131 5079
645 224 9550
388 204 7320
173 139 1853
471 232 8068
566 217 6369
188 105 5481
401 29 1390
479 232 5969
368 98 896
330 27 7705
504 329 8884
558 118 3492
259 44 7713
144 86 6656
572 427 9080
695 166 4537
231 10 7406
402 351 2515
498 301 2648
604 598 501
523 149 5603
621 171 2127
520 58 4810
448 373 8763
229 201 6831
360 200 3388
308 280 7531
608 297 6358
615 390 8370
544 158 9233
362 32 96
326 209 5147
81 52 3979
524 57 8644
589 175 7383
678 128 838
645 222 5855
497 467 4649
282 268 6916
544 27 1034
620 90 8608
500 429 4406
532 433 461
489 307 5980
460 410 9553
374 131 570
373 240 2869
412 50 4213
300 173 2317
575 231 4240
131 14 2087
108 40 9081
657 39 4495
602 238 1915
503 176 4525
523 427 1846
660 489 3038
510 128 7403
375 123 4251
653 29 6826
271 124 7594
406 98 8651
529 510 5937
427 120 4059
672 178 3562
401 177 1126
671 349 2378
635 486 1724
326 76 3391
352 286 328
175 16 6331
631 485 4071
369 197 4351
610 91 5079
327 167 1883
503 208 1340
612 329 6878
648 546 6029
591 487 8972
634 596 8208
330 215 1915
581 538 6125
651 367 5030
195 25 3699
634 465 1639
521 481 5994
667 281 1970
295 150 9090
563 258 6648
326 107 15
557 90 6606
679 280 6496
620 311 2418
361 44 3505
294 160 6576
112 71 3862
618 336 5752
326 85 1335
156 128 9599
585 234 2133
517 193 6033
518 433 2888
492 466 6909
479 336 1669
265 75 9154
177 109 3377
336 28 5786
458 158 9010
172 107 4269
592 47 727
646 215 9676
516 492 5287
450 440 6479
261 149 2057
698 602 4928
365 314 6688
644 220 5905
655 515 4942
414 188 1930
655 53 3382
512 49 5939
655 419 883
654 516 1199
616 49 8531
697 40 4180
568 342 3767
311 177 5921
250 127 3627
406 318 9876
687 275 4188
479 231 6942
609 68 2679
453 252 226
496 139 9350
553 185 7346
540 488 1002
681 518 6353
353 238 115
422 290 2061
463 77 8075
547 365 5553
593 82 1453
79 44 2206
278 132 3914
650 190 5176
350 39 940
531 17 6722
324 197 737
631 117 403
395 202 6349
357 225 6613
654 480 6339
335 114 2221
440 362 3113
696 445 4231
698 143 4618
159 16 873
318 306 2813
641 373 2217
645 270 2414
547 446 4373
138 122 1647
548 525 8722
223 185 3937
651 250 3310
256 233 4683
371 83 229
584 540 9172
542 200 3099
662 532 1365
417 379 9482
602 567 9586
142 101 3495
9 5 4202
584 278 1347
308 185 3734
614 329 9058
449 254 3852
205 143 3018
90 50 7387
611 28 4292
56 1 9756
462 54 7880
572 491 6984
563 470 581
544 291 4767
541 174 2566
400 73 3899
276 257 6824
341 37 7201
134 104 9698
356 329 6788
375 315 1367
553 476 448
649 510 2128
398 183 9422
431 387 1680
449 274 9858
625 258 430
314 209 234
476 396 4976
389 32 2912
282 42 9170
307 197 4343
682 616 4205
671 427 9014
549 72 1103
440 180 8651
326 3 5094
676 449 9322
368 170 2762
491 342 6697
447 72 3974
323 17 1132
466 253 7713
503 334 405
602 278 134
598 429 6347
494 143 5629
526 205 3576
599 179 8407
510 79 3128
545 90 6778
600 58 5795
346 172 1795
356 333 8140
664 207 3459
207 114 3189
695 214 9889
425 173 1736
489 336 4103
517 475 9446
293 81 3812
535 418 9296
317 30 4532
490 301 9249
659 595 3248
255 95 3300
610 454 8957
688 547 246
372 201 228
339 318 4673
683 55 8449
128 29 3908
607 423 4847
680 16 2581
584 473 6468
601 278 3756
331 255 2632
610 259 752
431 277 7926
412 350 1165
345 235 9223
344 162 4946
555 547 4674
556 110 9
223 26 6981
559 112 6457
605 170 798
532 503 2861
580 77 4444
632 290 1966
698 138 2052
520 407 8991
416 126 3602
577 407 929
122 19 1564
255 169 7215
509 60 4169
661 175 6258
613 360 4690
274 65 8549
315 53 4558
600 287 4801
360 96 6526
599 466 5908
617 484 4370
143 96 3627
210 163 8391
385 184 6899
643 614 7699
598 172 6337
513 507 8978
489 335 4388
684 85 6486
542 310 326
657 68 7005
14 1 18
693 116 3604
615 562 3290
479 130 4973
627 448 907
437 143 9504
294 196 9920
593 179 7762
407 100 5369
582 240 1415
569 435 7279
243 161 6579
697 463 3201
507 85 6292
581 291 3617
479 84 6652
565 29 7487
642 589 6611
268 54 1010
282 235 8488
333 284 597
485 201 8955
680 5 5127
84 35 7667
535 71 6204
137 118 1679
455 400 7901
479 338 6134
361 173 8837
521 516 7514
679 612 4829
342 154 2926
518 357 868
439 300 8071
620 432 5521
568 414 6205
524 233 3099
237 32 9110
630 56 5824
687 331 9620
185 35 9662
639 291 5896
357 102 1124
433 379 8898
404 321 7232
272 36 6491
532 312 4203
552 102 4395
532 191 4247
650 453 2476
214 57 7073
235 193 206
428 422 4502
363 73 4660
447 146 8829
582 455 4484
670 571 1177
511 406 6480
650 591 5937
230 119 232
262 225 3037
626 555 3440
603 3 4381
660 186 117
497 482 2577
324 107 6287
571 488 2329
271 53 1223
426 326 3759
522 244 760
420 276 2149
436 149 1798
537 367 5280
322 181 9506
374 188 1730
509 494 5705
497 398 1165
169 80 847
143 6 1064
284 191 3347
502 277 1111
507 404 2890
696 568 528
339 122 1016
96 12 3023
692 318 2877
618 575 127
481 119 9938
570 492 862
670 593 2017
390 58 8852
616 410 2435
697 126 1371
662 24 705
663 30 25
598 248 5181
344 316 5619
99 20 2232
582 154 628
470 372 5116
690 349 2677
697 276 2005
609 558 6226
310 96 7353
562 107 5029
698 88 8923
388 139 6983
526 252 9695
696 338 6809
625 160 9191
522 36 5650
465 99 9690
586 132 5693
173 29 7870
541 291 7554
523 104 6718
407 69 5141
375 77 8306
482 204 5013
645 245 3862
513 335 5626
263 121 3751
624 373 2337
213 67 6422
113 74 2070
48 5 1816
324 232 9297
524 298 4041
467 189 7962
374 279 9872
616 125 3513
357 160 3464
383 205 6293
575 210 9658
683 472 6818
305 282 6863
89 54 850
529 76 7377
613 361 2504
541 167 3046
45 42 284
430 226 9988
656 489 9024
145 37 38
685 576 3173
308 140 7543
422 361 3215
289 101 3273
452 324 6803
465 269 2394
264 66 8772
688 606 2495
389 258 3825
602 500 4853
364 20 621
669 333 9738
670 481 1491
446 249 5770
675 421 666
631 597 9573
555 305 5542
146 30 9278
655 640 6637
556 24 8760
386 183 6899
421 118 773
619 461 13
689 639 2148
567 24 6585
690 179 8803
561 534 4637
340 102 3266
687 361 7696
698 599 3726
284 58 8926
246 215 5667
428 63 4260
520 8 3529
467 404 7413
305 20 5943
40 15 6947
667 608 6284
457 147 3317
376 12 8295
426 272 9143
486 210 5234
695 216 4070
438 324 7453
342 98 9323
679 347 8984
479 363 709
627 440 1286
400 335 6252
674 666 5910
686 557 8439
693 532 3532
629 515 2231
588 507 8814
692 678 2641
296 203 2177
663 36 6083
221 147 6993
485 264 6053
389 42 4771
385 14 3017
616 309 7310
350 154 4764
597 209 5699
564 505 7753
629 171 561
552 153 7795
299 2 2490
632 520 6140
492 302 2638
88 17 5156
496 312 8078
640 565 8562
680 107 2507
252 9 819
532 64 2493
343 238 616
305 172 717
618 569 9279
554 177 319
366 299 7545
124 78 5377
317 47 8794
311 183 3588
503 317 3838
643 569 3453
75 33 2338
688 518 9631
693 670 1850
222 208 4571
348 241 8148
337 53 2922
120 119 5884
340 12 6233
496 436 8338
424 92 770
437 292 1262
223 51 9559
395 2 5561
539 149 1822
629 149 8951
229 133 6090
275 103 1258
669 548 3570
54 31 7860
686 603 6726
399 138 4540
580 240 9809
641 178 654
404 349 9096
474 266 8227
329 76 6873
279 46 3169
694 649 6456
520 458 6831
482 74 1204
117 93 3718
300 144 7587
486 132 3464
333 77 2506
505 211 1765
600 91 1098
661 632 406
560 286 3267
631 141 6803
78 18 2805
645 131 5758
149 42 2413
423 210 8297
290 46 3933
412 244 4854
599 25 4506
508 42 1632
452 205 3522
580 143 3404
394 248 6876
537 124 3939
586 177 5086
490 93 8669
622 513 7225
407 333 9699
535 23 2071
673 105 8330
698 603 5635
80 37 8979
596 404 7579
631 547 5030
479 155 6520
171 39 2439
699 526 6904
215 127 243
688 555 8246
670 394 449
158 31 750
478 15 2950
565 33 6531
120 41 6449
307 199 8839
693 440 4969
646 256 340
483 318 2093
552 403 693
524 29 6918
691 3 9202
461 258 5538
674 398 8083
589 58 4698
232 218 3057
570 291 6979
628 492 1589
550 261 7803
662 628 7459
417 134 9028
563 484 5826
566 422 8067
630 312 1404
526 322 6617
349 316 2917
270 176 2199
301 26 6766
447 116 6217
596 115 1267
322 126 396
69 3 6268
430 140 597
445 270 7465
691 303 4816
331 222 8269
638 255 5441
541 51 856
228 72 4065
638 471 3744
503 291 4823
389 112 8512
325 249 1335
592 240 7168
350 110 4869
295 195 7141
585 376 9325
518 260 6793
515 359 6427
576 460 300
207 120 5285
513 16 6864
654 418 1015
417 212 628
330 65 1326
587 443 6160
258 78 936
497 114 9232
428 272 6552
336 171 1284
643 289 9938
318 169 3128
350 152 9759
176 12 8614
75 60 2430
698 644 3827
498 70 7116
620 99 4219
669 118 8765
545 76 3631
651 16 6540
471 152 313
562 486 2160
606 391 75
317 195 9173
516 419 269
38 5 3089
158 89 9214
169 55 2886
107 6 5442
260 228 5197
439 291 5190
490 324 9808
481 234 7681
376 129 6826
548 281 4032
568 238 2640
513 205 8527
682 257 8069
443 15 9158
262 88 5906
506 53 2320
685 189 4756
562 168 5003
689 661 5690
678 611 9920
395 192 1546
662 69 9881
449 365 9665
550 186 233
496 104 2253
252 42 5232
338 243 5660
392 253 609
693 2 1141
346 24 6823
610 14 4740
621 138 8255
607 297 8694
175 40 2470
457 363 2060
629 532 5490
339 153 5966
455 237 2648
675 670 7960
342 135 8720
527 285 5977
358 343 2138
377 221 7982
282 150 6303
323 318 5192
427 324 19
609 246 1178
666 122 6349
160 51 7283
80 38 7997
441 156 2022
259 244 774
367 345 3013
543 220 7093
394 71 6127
344 311 2241
171 120 1424
364 80 6117
557 322 4498
261 90 1992
103 36 7799
334 9 692
156 136 2300
571 208 4725
208 9 2833
651 543 611
571 326 4602
293 145 1609
552 48 268
520 294 7633
578 221 7187
481 31 2807
595 92 1287
340 241 5100
276 138 2316
473 154 289
657 484 4715
505 357 3296
609 96 6754
270 144 2216
176 133 5880
99 2 6646
694 181 739
486 290 4076
666 499 9291
616 223 6386
542 237 8788
688 52 5724
302 119 8326
661 424 8194
302 299 5851
675 626 9123
574 366 3895
238 154 6492
255 76 5926
600 404 4030
533 136 8838
431 67 2688
324 93 2929
372 123 6809
615 211 1079
230 33 1327
546 401 4126
542 13 7069
532 429 2202
634 142 6673
641 516 2341
291 250 8019
163 146 8500
553 544 3927
418 128 9403
535 111 399
451 351 5672
673 335 4385
491 126 1716
602 266 5577
230 206 2269
538 414 5873
358 227 1395
189 129 1786
555 343 7656
519 1 168
553 443 1207
460 131 9632
134 44 563
679 320 1317
554 439 4959
663 387 9547
579 502 8368
598 286 524
692 175 1341
541 265 2896
653 347 1876
467 300 5804
674 592 8729
690 135 3630
539 489 6366
250 232 4580
496 54 2607
410 95 2330
351 221 190
410 398 6906
520 63 8491
517 354 8693
511 388 1477
697 64 4773
464 384 1811
331 115 7293
606 239 171
600 313 2854
529 363 7097
439 399 2542
451 383 8304
403 267 4422
660 637 7772
503 244 2725
692 426 2235
461 122 7841
311 238 7506
607 466 9252
693 249 4726
139 128 8846
562 209 4581
226 206 1353
621 28 8945
693 635 5928
414 275 7704
673 297 6577
209 44 7010
681 34 3379
629 616 2966
635 621 2492
329 6 6454
473 461 3952
343 77 9204
579 125 9406
507 122 6451
627 126 3595
524 516 3848
454 101 3787
658 391 4540
583 323 8902
320 271 7985
642 221 2803
293 272 9834
246 16 5152
577 281 5655
548 7 6905
412 328 678
665 56 5365
698 3 9914
664 472 5625
698 274 6361
450 340 4018
659 44 2669
269 26 4955
451 120 3984
265 118 8482
696 547 4911
490 71 7563
517 456 8771
579 285 7441
597 283 4989
495 130 3362
450 268 4091
622 613 4919
609 232 8189
450 195 9529
658 638 5333
155 121 7684
344 202 4690
602 518 8653
579 479 9035
467 459 6486
594 473 2276
183 60 1728
659 330 1492
281 183 1587
550 111 4202
548 119 8618
569 183 947
446 338 1019
384 320 160
449 342 7986
635 159 8848
603 418 7608
623 521 1366
439 54 5770
549 222 9797
517 231 6043
454 325 6399
604 520 4554
426 420 9879
478 206 1475
348 342 1112
196 82 7411
491 98 121
435 155 5241
521 246 3219
193 17 91
29 18 7895
590 570 7578
171 106 357
521 498 1144
382 175 732
283 106 7135
660 466 2505
606 407 465
324 298 4086
353 18 3407
17 8 4508
579 524 5652
56 17 2128
644 314 9199
637 52 6267
689 578 6977
690 504 1220
417 85 7389
85 82 6279
519 459 6703
323 109 9262
504 57 3526
686 461 114
491 474 8988
549 345 2449
527 385 7549
643 118 1331
598 411 7582
483 41 4044
624 437 901
355 75 9774
347 223 4068
683 450 5978
422 389 5103
226 188 5923
210 98 2458
524 319 8020
424 349 7642
288 278 2563
459 303 3992
625 316 2196
690 343 3189
150 88 7513
138 136 2570
644 169 7539
662 34 2811
241 87 4585
540 400 9091
576 402 9353
304 174 1639
683 628 5675
245 29 4289
293 49 7404
396 394 3013
460 312 4451
562 550 3435
394 271 9339
368 294 4639
619 480 126
402 302 2298
630 335 765
510 202 7962
341 152 1665
635 596 1522
698 318 7426
602 37 2698
549 203 5798
446 288 6901
576 278 3413
430 42 5574
179 109 231
568 278 1833
215 106 8787
500 266 5969
70 33 9840
687 406 2320
83 21 631
457 376 5010
600 37 383
314 194 1939
123 63 9556
267 176 6970
417 98 1565
404 357 441
448 144 6380
157 84 5002
448 416 8627
362 337 614
285 139 4335
418 59 8337
450 222 5263
103 88 3020
376 243 117
621 317 1240
488 268 4559
349 130 4157
654 221 8781
585 185 9892
652 625 1179
470 413 9391
566 208 8044
232 5 8362
418 162 5763
415 31 7780
591 19 2691
441 93 3212
474 429 7298
608 181 8029
691 604 1170
452 363 2869
412 408 2665
553 526 6100
202 129 6669
680 646 271
209 76 4620
185 132 604
276 80 9833
527 371 709
494 148 6083
252 231 1028
364 81 5342
640 95 3184
435 418 7821
563 50 8367
644 632 8820
445 32 8074
181 126 537
292 50 2607
214 46 558
385 281 5149
195 173 3943
614 334 3390
483 127 2382
601 56 8591
392 353 3719
154 47 2417
502 40 2232
572 345 8346
616 232 14
593 425 5788
616 227 3074
659 109 7448
316 109 7538
33 26 7217
630 302 9512
628 328 6170
420 317 195
508 433 6271
319 234 9953
193 21 219
555 345 3378
462 287 4070
616 588 4248
656 404 8641
571 103 8860
694 31 6082
538 438 7760
681 52 1677
677 142 5711
233 25 9997
645 347 3492
585 379 4730
668 588 3217
636 457 8106
352 277 5009
309 28 7116
559 168 6787
517 18 8610
468 16 1255
600 524 3417
490 437 1439
363 359 6492
688 482 2963
524 44 746
459 305 5043
667 220 2717
666 72 4912
282 142 7053
370 335 8045
654 316 3206
468 4 5002
679 55 4973
312 304 9895
433 104 8954
159 140 4880
163 96 5254
375 231 2658
186 5 8301
648 13 295
472 269 3843
521 218 8878
673 293 794
503 304 7975
567 129 9350
434 9 9711
643 600 667
84 46 4670
448 250 5431
364 28 303
229 172 9729
680 623 6772
445 355 7821
500 74 4958
689 616 4689
458 118 1337
557 545 4946
681 349 6955
417 22 2484
649 575 7602
685 329 3573
669 542 2247
260 233 878
688 70 3424
689 389 1890
375 84 1299
519 145 1159
513 21 1225
339 76 5825
231 28 6721
385 103 4059
470 427 1938
369 228 3852
376 202 4827
627 533 5151
84 83 3900
653 418 25
459 128 3393
563 511 726
513 72 1263
625 319 1344
662 416 678
517 2 7523
699 187 4505
307 176 3669
485 338 1220
467 424 2912
437 212 1151
501 267 1434
648 603 4562
633 410 176
343 223 958
325 309 3926
394 388 2175
588 33 5090
500 171 525
412 333 2947
616 273 4011
534 423 6690
691 115 7961
138 120 4807
516 366 2384
455 131 2860
665 531 571
517 404 2875
518 39 7088
291 209 2249
309 248 7798
398 310 9099
466 17 8957
312 253 4065
690 554 7592
488 50 6666
535 369 8330
427 174 8993
206 137 3415
265 156 7552
392 159 9140
310 306 2508
663 554 5722
167 94 3023
655 108 2654
678 301 8437
671 657 6255
473 260 8373
480 191 3760
309 16 5986
651 333 6683
568 393 5762
447 240 7877
298 283 9122
559 402 6028
372 161 1269
588 237 4405
112 60 2853
337 252 9618
469 44 2397
575 115 2117
326 111 1406
595 35 3218
581 579 7971
230 72 1375
642 281 6698
396 291 5628
120 31 7135
170 34 2765
596 94 6813
450 188 6993
650 367 8180
219 33 3692
653 400 4579
627 92 1287
377 181 9268
543 26 5469
654 245 4454
395 119 6372
636 171 1367
187 186 4955
509 197 6247
354 72 2769
415 228 1439
461 4 8234
355 95 6304
657 586 7221
445 409 7203
257 97 343
619 394 5176
430 361 8076
688 525 306
689 100 4314
295 35 2849
553 272 8956
490 410 9454
346 33 2345
195 155 8487
313 286 2470
368 302 7695
539 407 6558
385 279 6595
608 257 8573
700 90 4971
624 125 9913
591 120 3205
385 79 1894
358 306 4427
685 460 9087
367 330 87
461 419 8301
466 424 5311
244 119 8553
553 337 1344
444 213 6186
579 396 4941
443 101 1469
590 454 7769
639 211 3079
279 102 5744
648 37 6418
579 274 6523
512 287 3977
278 85 7294
413 287 8737
319 313 7676
403 86 7070
414 59 9851
27 18 4745
168 11 9218
648 30 6857
634 358 6251
45 36 6680
488 194 218
209 36 2480
313 163 3631
