50 1000 1 29
19 5 2059
48 17 5829
26 16 5814
38 33 6975
13 4 4425
39 34 5323
44 18 9789
38 25 5827
42 33 6325
37 19 6601
7 4 2149
47 25 7420
39 36 2187
5 4 4187
50 5 8087
37 24 755
21 4 6156
23 4 7930
48 34 6415
41 10 7201
32 25 1685
39 4 7698
38 14 8694
48 37 2392
10 1 9288
35 3 8883
45 15 7746
28 7 1849
32 26 5874
23 8 3440
22 21 9487
35 24 8855
32 21 5713
50 32 4833
36 17 5339
44 42 2878
47 27 4187
27 17 4619
11 1 5437
18 13 2762
16 13 8967
44 38 2590
46 34 8298
6 4 9474
10 8 3477
22 9 5889
38 10 9776
39 37 7713
50 39 4676
26 4 7471
43 6 1148
48 10 7936
9 2 562
23 1 5749
24 18 5753
27 22 5496
48 4 4867
48 16 95
49 1 867
50 2 7047
46 12 7663
29 22 6028
34 14 5402
29 8 2200
48 24 5572
38 3 7688
46 1 9431
44 11 52
39 38 6671
46 45 2009
20 8 2120
33 1 3870
20 18 9882
34 28 8237
33 15 7282
29 7 3774
19 12 6961
23 16 5387
15 2 8434
33 32 4881
41 13 9419
49 27 1537
44 2 8
32 8 6748
19 15 864
17 6 7940
41 37 8824
37 6 4688
47 45 9110
34 23 5394
29 12 4483
25 13 5551
21 11 7798
47 39 8428
27 2 9603
47 13 3557
44 16 4261
4 2 3493
43 10 5667
22 16 2272
41 12 5363
7 6 1274
47 26 8292
48 39 1372
50 34 2123
28 1 135
34 25 2495
42 41 4961
11 9 6685
49 4 9737
40 30 6801
31 19 8125
32 30 7329
33 14 4537
37 35 5284
45 29 9005
26 10 8417
39 35 7054
42 28 9314
26 7 3442
20 15 3075
44 36 7567
50 19 671
48 2 6767
42 4 7573
48 33 6790
38 35 8243
16 15 8676
49 23 8272
21 9 9358
15 3 5723
15 5 4282
33 25 1925
32 20 9985
45 32 7609
30 19 777
50 10 5050
37 29 9180
36 19 4542
43 27 2895
42 27 6278
50 42 7936
33 12 4770
48 35 9470
17 16 5590
46 23 3013
49 43 2488
39 29 6041
24 4 7252
36 9 5049
4 1 5420
40 15 2951
47 42 1134
44 7 341
39 19 8200
27 23 7315
41 23 3624
30 29 273
31 9 7777
50 20 9061
40 34 3221
34 9 2562
8 7 1997
32 13 6854
36 21 81
35 12 7419
28 4 8553
38 27 2738
31 2 1429
39 24 3149
32 23 9503
23 10 3659
18 4 2180
21 14 719
38 31 2294
40 25 2281
37 11 6241
47 18 8682
27 21 5026
24 1 373
19 11 1139
31 3 7846
45 28 7491
45 39 2523
45 3 4113
37 33 4056
28 3 342
27 12 3043
39 7 2262
50 22 8635
41 1 7338
28 11 9253
22 5 1602
35 25 2134
30 5 9899
34 15 8758
19 1 241
41 32 5331
29 10 7778
41 8 514
43 38 2050
39 18 9761
42 15 7298
25 16 6644
38 2 6391
47 7 3776
48 23 5751
46 43 6279
48 45 3656
28 5 2443
33 10 7102
33 9 9716
50 1 2793
34 1 93
36 24 627
40 3 7040
34 12 9076
18 11 5449
24 2 4658
48 1 9969
22 18 1607
50 21 1372
42 20 2797
6 3 9472
49 5 4201
27 6 5038
44 28 9362
43 2 1656
36 33 7553
34 18 5788
37 5 6413
28 13 7040
30 21 7212
21 7 7353
39 14 1680
44 29 3610
24 12 7910
49 35 9678
37 26 2968
13 6 3706
26 23 2537
41 4 1355
15 8 9925
13 2 2260
30 24 7835
41 36 5256
28 17 853
21 18 3751
14 10 9482
50 35 8463
49 46 996
24 8 3891
48 21 1610
46 9 7328
39 13 1406
40 14 8616
45 43 3114
37 20 1958
30 12 7263
16 10 8972
14 9 1359
50 24 4544
48 42 186
42 2 7161
13 3 3260
42 29 9828
18 6 9522
42 19 8045
47 38 2791
50 11 5302
40 9 6545
50 26 6426
46 22 4534
46 5 1140
16 2 959
38 29 7234
24 7 7577
20 9 6169
24 9 2430
48 8 8255
41 5 5951
37 36 484
40 18 5602
39 28 9736
42 13 4682
23 7 9299
39 15 9576
28 16 1302
38 1 424
8 5 4642
37 16 5005
38 37 1317
27 26 5610
38 26 7218
45 13 5024
31 26 5617
44 21 1751
41 3 5042
27 10 7136
21 1 5170
47 29 4476
30 26 335
49 14 7952
15 1 249
44 4 108
21 20 5308
42 1 2072
33 29 1500
21 3 4596
36 12 8316
37 18 9553
47 40 1018
49 45 8446
47 14 4806
46 2 7607
45 25 1490
32 22 6464
21 2 7419
47 43 1489
42 26 4533
30 2 8922
42 37 114
38 30 1853
13 7 9413
50 44 7590
27 5 3924
49 7 8015
18 3 6382
49 34 6187
45 44 2845
32 16 9332
44 41 9508
29 21 7969
43 15 6176
36 23 4519
46 28 1971
24 19 3627
21 6 1786
50 9 7629
38 21 2345
22 14 9581
26 24 3020
19 2 9012
50 43 7927
16 6 2913
50 30 5624
22 12 1135
40 2 9935
45 2 2122
46 29 4500
41 27 5338
20 7 5384
48 44 8967
18 8 9367
32 10 7086
23 11 2678
38 12 9760
47 22 1625
30 6 2402
46 19 6536
44 20 7131
25 1 8806
35 20 9343
50 37 2653
31 1 6984
14 13 2572
42 14 9550
49 13 6829
35 29 9464
45 27 9994
39 16 8675
11 6 9975
47 15 9892
43 31 3443
24 3 8327
43 33 9801
37 22 3728
37 27 8267
15 13 3853
42 17 4796
18 15 5404
34 26 7402
19 18 3290
36 20 7628
34 5 6632
36 26 1093
40 21 651
47 4 380
33 13 4672
32 5 2979
33 21 824
36 3 1760
23 6 1621
48 28 2027
35 32 1138
40 16 1605
47 30 8829
20 17 9816
47 36 8714
28 9 1472
48 40 6772
37 9 2372
33 2 7340
19 4 5885
34 11 118
40 10 9214
28 19 5551
40 22 4236
35 23 2563
12 9 4287
13 5 784
33 6 1384
7 5 2640
37 4 946
32 1 5124
36 6 7272
34 30 9538
24 11 692
42 36 1060
23 9 2602
44 12 4041
43 18 8223
49 24 8495
22 8 7213
7 2 7670
49 25 6966
39 12 3771
31 4 2539
38 36 3671
41 17 7538
39 26 4381
39 20 9433
16 8 6358
25 4 7865
42 16 2475
34 4 6199
35 1 5137
15 11 3848
42 9 9689
46 33 6860
26 11 184
9 5 9009
21 15 2747
39 23 5319
47 33 7501
20 11 2010
24 13 9680
40 39 6741
47 11 8398
18 17 7679
50 25 2267
16 5 6044
27 18 2762
27 4 6208
46 35 7794
35 10 7644
29 28 3906
38 19 409
32 28 8842
40 24 7822
26 9 1547
43 42 5123
19 3 8680
23 12 5106
16 3 5269
18 9 1552
25 22 1800
32 17 4371
48 32 7188
10 3 3179
48 31 1892
38 11 169
9 6 9271
35 15 9768
42 32 7394
48 19 2514
47 6 3339
29 20 8795
40 36 6667
12 5 9411
46 14 8286
27 20 2319
31 6 8241
21 13 5270
47 31 3876
40 26 2829
40 17 1166
26 1 4752
22 19 4985
40 4 8574
16 9 6328
50 18 278
46 8 309
10 5 9132
44 31 9667
20 14 4104
29 13 5139
46 39 4889
39 31 9824
18 5 3641
45 24 9124
48 36 2253
25 14 6810
14 1 1891
43 13 3584
41 30 901
41 15 5026
25 18 397
44 5 5789
45 18 5098
35 4 5171
45 11 3123
35 16 8955
45 34 3235
35 19 1558
47 21 3841
49 28 5785
33 23 1234
45 4 7843
38 9 6271
46 15 5228
43 28 7440
21 8 9225
36 18 5240
9 8 2704
45 20 1880
32 29 8296
44 26 3057
26 14 4807
9 3 5438
34 10 2480
22 6 2159
45 16 6896
48 13 4437
44 22 9886
36 22 3602
46 20 5848
26 25 6311
26 12 1162
12 4 1253
50 12 9719
39 25 4821
32 11 1050
45 6 5958
44 9 5379
40 28 859
26 2 1308
43 26 2946
19 7 5352
37 17 8010
43 19 3413
36 15 1928
48 25 3527
50 27 995
48 18 4170
33 19 8832
40 12 1498
25 24 7735
25 3 5901
24 22 1911
46 42 7152
7 1 5857
31 12 3648
12 8 946
32 6 3537
42 8 7117
16 7 5117
38 28 7498
37 2 1356
21 5 9680
39 21 5679
50 47 9742
40 31 797
47 20 6577
33 28 3071
44 32 273
42 23 7414
46 24 3694
46 37 4698
18 10 939
20 16 1294
17 12 2565
50 45 6574
42 18 5361
15 7 835
30 10 8713
16 4 6947
22 17 4687
33 8 9372
41 21 1362
33 31 4706
48 46 1310
14 11 7984
47 44 4456
27 14 9562
50 46 4793
49 12 6545
35 2 8462
16 1 1350
12 1 7741
27 13 8634
38 6 3113
25 5 5630
48 5 8235
22 10 2493
49 26 8791
17 1 868
38 32 9543
47 41 5568
41 7 8406
45 1 2060
23 22 3077
23 15 8261
40 23 1741
13 10 4638
30 4 9285
46 17 7255
40 19 3856
15 14 6143
45 21 1986
8 3 894
20 13 7634
46 6 9318
34 20 9987
28 2 5330
30 3 5199
48 29 4901
43 20 3272
27 7 4183
45 17 3098
29 6 9914
23 18 2423
10 4 8168
30 9 1496
8 4 5520
36 30 2773
33 7 2614
29 15 8338
49 6 7140
15 12 9739
50 3 5701
15 9 2736
26 3 6207
27 11 5325
46 30 1390
24 6 8678
49 42 2175
28 24 6264
41 39 729
45 38 895
30 13 4923
6 1 8276
26 13 7908
17 9 8821
50 41 3786
39 11 9532
30 18 7417
8 1 8019
32 12 407
42 24 5114
23 14 3080
50 38 406
48 27 7066
49 40 327
40 32 1749
32 15 6390
29 2 2806
40 37 6648
44 25 4385
13 12 280
17 4 4237
44 3 1081
17 15 4398
26 22 8616
31 24 2712
49 18 9387
19 8 240
42 7 7826
30 14 4396
31 10 2153
48 6 7772
49 32 5770
48 41 8459
49 47 6811
45 31 1162
47 32 1196
43 41 4232
42 22 3810
20 3 3526
39 10 249
49 15 5164
28 21 386
41 19 6506
34 27 6142
46 16 4732
13 1 3837
38 5 4715
35 33 2806
26 6 3095
33 30 9903
11 8 7084
25 19 819
37 30 8144
25 20 364
38 17 595
47 37 938
49 29 3379
48 38 1148
44 33 6914
46 10 7891
13 8 4255
31 30 6752
43 34 7161
35 5 3695
40 5 6160
12 10 1356
46 11 1617
13 9 1999
43 23 6999
31 7 4184
35 28 2100
37 8 3704
11 7 3000
36 10 4078
33 4 6515
36 16 8354
41 22 3679
17 13 5506
38 8 9284
48 14 4097
30 16 579
31 17 9679
41 14 7327
44 13 5152
44 35 5799
40 35 5428
42 11 1882
16 14 5948
45 5 3404
29 24 1587
34 13 7388
37 14 1341
50 49 4091
23 17 6757
12 2 9327
12 11 595
41 11 6341
42 6 9786
12 6 1906
48 20 7080
35 11 26
47 23 91
37 31 2066
45 41 2642
50 40 9412
21 16 2637
35 30 8979
47 17 6963
24 16 8888
46 32 1008
44 8 4499
27 16 5617
27 15 1076
29 23 1780
50 15 2323
30 7 3838
37 28 4572
43 11 1595
47 16 7982
35 27 3563
41 35 4238
49 20 3030
41 18 766
40 1 8971
31 29 423
22 13 2990
50 7 4807
46 18 4599
47 2 6652
33 17 1495
45 30 663
50 8 6483
41 40 264
9 1 3478
47 10 8387
44 6 1247
44 43 7375
24 21 6090
44 37 6973
31 23 3386
34 6 342
40 6 288
25 23 6686
38 13 7553
40 11 1978
50 16 7050
27 24 6962
36 25 3563
23 13 3024
41 6 4451
36 8 7266
17 14 3856
20 5 2815
48 15 2741
45 33 6408
44 14 6350
31 22 9115
46 44 6564
48 43 2608
41 34 2506
26 18 506
28 10 5389
46 13 8698
30 1 6667
31 5 9914
24 23 3213
43 39 5062
17 7 7867
41 33 3056
21 12 2322
40 38 8787
14 4 1885
16 11 5095
37 25 3192
46 41 5020
25 8 8568
46 4 6572
50 23 1213
33 22 3487
22 4 9430
37 1 6141
19 14 6060
35 31 1135
45 7 3552
45 8 7200
44 1 9741
29 5 433
48 9 9721
35 17 1647
34 16 2344
42 31 6310
7 3 9561
24 15 9958
36 14 3050
43 40 4059
34 22 6081
45 22 6864
41 38 7058
3 1 964
25 17 6065
12 3 9764
39 6 6262
9 4 7309
41 2 4812
34 19 84
49 41 6891
46 25 4041
47 34 3725
32 3 2511
15 4 7451
25 10 3865
33 24 8665
25 7 2132
48 3 6145
24 20 7825
22 20 8147
37 32 2640
17 10 5324
11 10 9013
44 19 5874
38 24 3041
44 27 7137
21 10 3104
19 16 6072
33 27 2902
50 33 6729
50 13 1099
35 34 6299
28 14 6802
45 42 3535
50 17 9759
49 3 5946
38 18 892
42 38 3326
44 17 1044
19 13 4301
35 9 9774
45 36 5766
34 21 312
42 21 6301
29 16 2054
50 36 7887
43 29 1437
43 14 1186
43 16 3774
31 28 507
28 15 6289
25 11 5269
37 23 5666
45 10 4174
47 35 1769
17 3 3299
35 14 2030
42 35 1230
43 12 224
25 12 6070
35 18 9461
39 8 4385
4 3 9743
43 21 709
6 2 3251
46 7 6973
36 31 7976
22 11 6960
43 25 3658
44 23 4088
30 28 5605
49 22 5683
40 29 9032
18 1 6484
43 36 8478
36 1 5379
39 1 6445
50 4 9111
24 17 885
19 10 3001
45 9 7377
36 27 1430
46 40 2884
3 2 806
39 30 3870
37 34 323
42 5 9462
30 27 7503
49 10 7994
43 5 6434
31 8 5929
36 4 6702
29 11 5712
46 3 8921
29 27 3259
26 21 2626
34 31 3816
42 3 8808
42 30 4530
43 4 6997
39 9 2447
48 7 3786
29 18 8660
44 15 6970
10 9 6263
22 15 1153
30 22 8131
28 20 1618
18 16 7947
14 8 5366
11 4 2750
47 5 7123
36 28 1937
49 11 5371
8 2 1357
43 3 6399
39 17 7844
41 29 984
43 8 8936
27 1 498
28 8 7921
35 26 6482
38 23 3402
26 5 4071
39 33 4866
35 6 307
48 30 16
20 10 3446
18 7 6356
25 15 7124
22 3 1651
49 33 7691
49 19 7000
38 7 6789
14 5 4525
49 36 2578
15 6 3924
32 7 2000
24 10 7056
43 9 4728
39 5 7587
47 1 1035
31 25 5108
37 12 2698
43 1 6996
37 21 2148
15 10 8523
49 48 252
10 7 2208
27 3 523
38 15 4624
44 30 9953
32 27 2402
32 24 4738
