500 5000 1 66
381 243 458
316 259 3524
221 156 9655
53 19 2223
451 7 6315
286 16 3592
492 161 8164
307 261 1611
452 11 5017
358 206 2187
465 25 5372
184 46 7052
340 109 4586
212 76 4241
203 96 5612
450 25 6395
365 66 2966
248 32 4804
311 177 140
379 319 8351
305 58 3100
477 352 8660
336 113 3385
469 409 4200
456 214 6799
112 51 4398
281 149 3700
385 75 2271
392 178 85
337 54 3271
101 61 4136
100 72 8655
298 103 5117
266 52 1356
353 290 4370
452 377 8602
255 65 3101
284 257 6113
425 314 3875
204 12 4223
461 355 4610
479 12 3330
440 152 4281
322 138 7607
490 176 3706
445 57 6544
292 288 619
455 267 5778
298 60 3637
154 1 8957
181 178 5982
482 205 3690
255 12 7621
272 47 2915
173 1 6691
424 411 8015
258 213 4641
304 170 7102
254 93 3153
480 171 5090
200 103 4685
229 150 2291
421 373 7670
418 233 1051
273 110 9283
339 120 2848
370 351 5652
139 80 28
329 164 6491
422 374 4835
400 52 3902
244 243 2582
194 61 6837
331 98 7833
239 37 5576
457 212 1690
435 116 4673
470 368 6358
443 163 3887
416 260 5461
346 101 7484
223 41 5203
374 57 2990
340 134 2735
304 49 5887
490 266 8811
406 388 764
157 126 3953
311 81 1585
205 120 9919
393 86 6695
389 363 566
308 136 1397
460 386 1500
481 167 7419
359 66 2327
455 359 4292
395 222 5754
487 92 466
221 74 9375
182 64 7258
338 8 8177
492 46 5496
329 22 1955
424 393 7765
318 269 5583
375 215 2136
409 393 1186
299 246 509
396 392 4620
478 231 9301
355 22 9617
398 110 469
405 111 9023
361 151 6781
482 150 2701
474 410 606
491 299 7022
48 26 8616
256 207 6276
413 105 7486
448 358 2996
430 236 996
497 231 9701
379 30 7607
451 360 6152
500 169 1638
46 27 9723
451 221 6048
456 335 4484
458 253 6520
208 87 867
224 129 58
228 219 1754
324 45 9361
407 69 9726
192 148 7716
449 75 9453
169 158 7072
294 276 4389
328 9 3924
191 181 9290
411 23 7340
426 180 7240
166 104 1221
81 33 8260
356 165 4263
457 77 7649
417 360 5295
416 245 9263
152 84 4510
115 1 5801
338 314 1391
348 336 942
221 10 8490
342 47 9237
330 224 9855
489 484 5816
421 32 4723
449 230 2147
474 299 219
313 239 6055
391 52 9796
425 287 2018
305 259 4444
423 263 6211
283 213 6188
418 306 547
281 96 1754
434 179 1044
337 76 5760
230 80 345
378 179 9282
357 277 9694
435 186 8719
371 207 2626
309 12 5496
346 2 7118
223 20 1753
392 179 8956
428 257 7673
353 9 8951
448 219 285
436 415 2037
268 82 453
444 242 5145
490 259 1216
108 3 2451
151 35 2742
499 322 1057
488 138 2026
484 263 5692
411 399 7728
351 111 3905
252 15 485
423 245 6679
383 262 8607
483 20 8414
224 186 9130
340 174 8244
483 15 4079
453 50 7564
81 25 3672
465 223 3786
298 35 8996
105 101 9861
246 126 6088
422 80 1591
210 9 7221
385 256 6508
360 6 8735
380 42 4834
420 323 3045
217 159 2601
500 298 4729
350 305 7978
380 116 2560
302 299 8795
179 55 6416
250 144 5830
195 162 4463
266 47 8741
449 326 5830
500 317 8841
343 141 5159
440 211 6258
351 137 3377
392 269 4431
279 65 1346
116 1 3242
468 89 996
394 92 5681
417 345 1656
455 400 2059
191 186 5548
282 123 3331
22 1 2334
409 155 5245
107 101 6038
307 275 9386
39 22 3024
464 296 3601
328 308 8316
141 43 757
479 478 4776
262 80 8191
399 186 5710
446 235 5781
352 232 473
496 110 689
391 264 1250
48 18 3972
284 81 4685
438 192 4343
58 12 5950
471 312 3103
330 288 5885
330 324 5728
341 214 4487
454 124 4893
499 176 384
352 12 36
401 113 3734
474 267 9488
213 204 3250
434 138 28
120 113 9813
341 129 4355
448 9 3513
455 440 2051
180 50 7017
407 268 1050
492 333 1524
243 161 8124
223 200 6607
487 127 7050
278 201 7544
387 24 6785
359 154 8217
289 251 8066
106 59 1355
234 211 6140
228 191 3265
474 84 5842
409 151 1884
78 35 6790
291 95 6176
379 51 2668
234 123 8916
459 339 3241
402 28 2498
491 190 5239
452 147 9658
333 105 2119
404 74 4325
269 184 5270
363 74 9217
303 211 4022
430 304 1179
231 122 6450
381 214 236
336 24 5339
332 187 301
485 408 9541
75 57 3621
351 251 6182
404 281 8498
481 458 6331
326 51 456
219 59 9735
125 13 3537
475 469 4580
225 35 1252
347 301 2884
423 106 2877
453 310 6066
363 165 7191
241 16 4278
442 31 9956
500 374 1564
131 1 1502
327 238 6899
278 121 4842
217 37 8455
439 222 4905
449 117 5179
496 344 7065
169 139 2945
143 61 9262
352 317 1837
196 187 7478
265 116 9390
343 165 3537
397 252 5732
449 404 5436
301 123 5611
464 213 4864
288 80 4800
342 223 6511
333 277 487
301 39 509
279 244 6027
398 227 8218
449 277 5135
296 134 9177
190 63 6075
183 139 7442
275 167 4430
464 360 210
370 292 555
311 190 9254
414 255 1364
448 244 5722
311 171 6455
319 70 3015
360 52 3650
440 29 1130
388 307 1277
364 238 9720
467 364 517
491 425 5274
297 244 3143
439 14 801
474 396 7815
373 333 859
287 277 7996
298 277 8902
392 297 3044
334 264 5942
427 240 620
258 90 8939
345 8 9212
411 381 3078
449 87 3496
306 220 7245
223 32 9988
448 322 4645
415 346 2263
484 95 9341
397 214 3417
236 26 564
323 253 8404
295 2 3640
184 31 8575
317 248 134
471 440 3753
271 221 3590
121 111 1330
363 278 488
413 231 13
243 164 1090
428 243 2991
390 369 2789
425 277 582
429 365 3017
373 296 8183
480 4 5214
325 271 1073
175 45 1208
350 52 2479
371 223 6617
372 255 2819
483 62 4772
410 361 1586
317 279 9544
468 229 3096
287 212 4754
138 128 1605
427 79 9163
315 188 4326
238 158 2152
374 99 8058
341 268 874
351 337 7226
386 381 4736
179 30 2343
458 201 5486
441 201 1872
390 276 685
451 339 2042
451 296 14
414 173 828
472 34 547
485 165 2708
482 398 1490
380 168 9500
462 170 3037
40 11 1725
309 258 9705
394 180 4499
465 199 6463
179 31 4310
481 79 1237
191 89 7523
333 321 139
154 70 3140
382 339 8912
300 112 9103
435 165 4624
266 70 3146
484 67 5820
391 22 9224
333 240 2327
210 69 3917
290 72 9639
297 284 347
244 145 3602
346 77 5845
467 328 7928
227 116 6014
483 117 6200
443 21 279
173 77 1861
393 361 536
338 139 1200
339 261 2146
200 105 914
391 389 9854
327 274 8288
458 61 7132
135 113 9182
177 138 8152
82 11 8391
397 236 431
389 51 5244
35 29 678
329 304 3727
464 107 3594
199 129 4135
390 110 8734
469 380 6768
274 264 2469
345 206 4375
289 207 8468
333 136 7554
372 121 4573
206 105 3728
497 188 3263
335 290 3124
380 313 2600
371 253 4523
423 300 5709
462 129 2934
413 368 655
270 255 4555
445 234 5552
400 69 8631
378 47 7381
448 160 9783
465 419 5189
267 243 8400
238 113 6152
290 245 8024
329 15 4997
178 118 8612
447 390 1826
409 196 1133
139 2 6671
363 33 9698
487 196 6505
350 65 3589
367 103 5627
392 351 7386
398 12 9447
479 362 7722
319 169 4176
82 9 2984
499 43 5154
396 325 410
358 84 2943
149 77 4885
447 175 8829
326 254 2662
477 376 8951
358 42 6568
384 294 6599
351 62 1043
449 20 1737
402 1 6395
467 288 6061
109 41 1020
318 64 1175
247 198 3023
275 223 6003
471 250 2037
226 17 4733
192 6 5680
365 269 5798
404 117 5008
489 373 8209
381 77 9781
84 4 9371
101 73 3835
436 245 3370
275 123 7647
421 312 6284
413 55 8435
473 286 6100
482 384 3211
477 225 7255
448 164 7518
270 151 7375
382 84 1395
381 138 2695
279 261 883
278 229 4091
489 481 3093
410 151 6632
490 202 7748
126 125 1007
389 77 6207
425 267 4491
289 72 5699
353 59 4735
327 51 3612
167 60 1746
188 64 9122
432 84 5514
249 189 2139
493 231 765
362 297 907
105 94 5068
336 264 6173
368 355 4552
443 206 8760
469 275 4168
376 168 5563
313 256 2048
242 224 7070
231 76 9135
275 60 8551
307 224 9656
492 143 5700
309 94 3526
426 99 4911
498 157 9588
442 157 2337
452 25 8870
444 79 6564
226 162 3060
310 96 7744
379 73 5089
210 5 7089
361 85 8579
265 8 532
459 397 7731
224 98 4225
135 23 4750
360 16 1929
259 242 7428
169 35 5795
480 439 7266
297 115 158
127 68 3245
500 412 7211
209 54 350
164 136 376
202 142 3591
460 95 6079
207 94 3963
309 247 8602
416 327 6680
459 323 8912
242 202 8518
212 148 9743
375 152 1735
485 2 362
403 326 8132
341 217 6693
421 60 2453
470 269 2583
467 193 6066
463 367 7128
339 41 1639
145 16 2184
273 160 9190
174 85 8293
405 398 7866
236 127 668
411 177 2115
251 58 2342
407 86 7269
445 271 6405
234 126 3927
460 41 9121
173 62 2705
363 283 4027
494 147 5276
469 302 606
401 82 2900
172 167 2408
351 104 2553
484 201 1183
391 156 8231
48 17 9721
467 244 2128
67 13 5083
200 94 4595
411 275 5815
497 255 4904
392 162 6418
428 132 3328
365 304 1735
417 343 4082
334 61 1294
491 422 9840
185 55 3474
399 65 351
141 35 6732
311 153 4953
479 206 3675
334 44 2185
430 226 3113
238 213 9443
436 184 6928
453 14 7698
491 474 7275
333 161 6613
297 283 7725
353 98 4589
381 223 7054
431 394 2888
146 102 5164
249 140 7243
441 317 1021
296 161 8342
378 202 9322
288 47 2877
133 30 1622
332 19 7910
486 277 9381
446 119 2281
498 480 1515
390 135 483
268 18 4583
345 252 5457
295 114 3151
249 75 5195
212 5 3432
322 255 2174
281 74 7624
120 33 1889
462 59 6850
113 62 149
197 135 1572
285 179 7471
246 11 3575
274 89 9915
116 36 990
331 262 871
477 285 4877
109 10 1528
310 180 6274
299 118 145
232 81 9082
350 178 4745
407 319 7050
321 265 8404
406 393 7098
483 112 33
344 269 6774
451 365 4991
272 270 3519
431 323 507
346 335 5446
409 343 9258
252 183 6225
435 120 656
84 33 9733
364 29 6567
427 130 5414
468 50 6384
356 193 7977
254 222 7162
408 65 9158
494 75 8061
399 166 7568
233 189 6648
394 241 2049
413 307 7573
76 57 727
293 69 478
277 148 2058
339 236 5224
462 338 1031
311 120 1468
395 220 5622
369 104 5327
200 111 7227
396 362 9975
296 216 6711
173 127 3117
357 27 7828
111 85 7141
454 22 7199
456 439 9670
93 34 8470
326 226 2492
456 323 3941
399 189 5406
473 287 8466
159 124 8159
429 146 9498
392 345 3898
450 100 5796
434 303 1080
353 280 6736
341 60 9693
194 24 8488
134 21 261
412 72 5505
153 11 4589
301 282 1845
216 112 5991
380 334 9928
287 137 5803
302 80 7699
397 20 676
334 312 1722
433 323 5744
380 61 9196
119 78 8519
379 62 8407
500 396 5976
187 143 2079
337 13 1653
24 21 3755
234 138 1981
138 16 4141
219 200 5593
454 106 6473
402 378 6364
334 14 7287
173 27 4323
404 135 6709
64 45 9288
302 195 8490
447 285 5412
433 404 7992
269 234 3312
334 96 3940
243 193 8173
401 302 6777
182 178 2241
405 16 8757
197 88 5439
365 242 4574
421 38 2418
406 205 3589
419 103 3280
312 258 7557
468 418 1322
393 192 4279
433 143 4361
284 216 2785
415 204 1534
359 242 276
491 371 4365
445 191 9786
431 304 8878
101 7 1240
130 10 534
79 42 7572
412 252 4785
451 82 3307
276 108 8810
312 84 2439
182 76 540
401 152 9168
438 40 444
415 233 1002
435 96 7421
471 302 8041
263 28 6546
475 449 8274
453 166 9741
321 136 8966
376 261 3556
240 91 6177
352 236 7942
446 163 8559
169 53 3043
397 46 57
342 292 6296
360 197 6424
418 299 6914
281 16 7396
362 247 8859
318 140 1283
191 83 9287
419 102 8069
108 107 915
481 357 3173
355 54 2938
488 76 3700
425 21 2661
364 50 4349
172 19 5901
277 259 7767
219 72 159
446 378 8888
121 75 6864
408 209 5731
441 415 1266
177 176 1433
309 55 4709
374 317 6918
475 217 1210
470 228 1439
180 176 4594
168 24 2452
457 169 6098
292 279 6090
387 1 2433
19 1 528
379 93 6854
313 220 6002
189 93 4938
487 354 3985
334 105 675
203 38 7108
179 24 5355
398 394 9854
339 206 9411
461 458 5118
156 104 2474
317 103 8249
242 112 6549
464 440 1411
83 40 3894
330 265 8247
424 136 3060
400 131 1041
354 266 8636
468 25 6444
498 496 924
327 48 7760
307 247 463
219 186 1937
190 112 1990
393 4 171
500 424 5501
247 199 6320
457 364 9172
261 172 2485
325 8 1420
493 440 7781
169 51 675
473 385 9417
214 118 2441
28 14 67
229 42 6522
474 16 939
272 75 66
426 394 4916
168 120 4711
396 203 9789
268 95 1677
381 152 5386
433 374 9060
64 62 8709
334 293 759
342 180 361
57 26 2282
285 152 7680
210 164 9717
188 16 30
287 196 5523
144 135 2621
485 466 4356
459 376 1466
269 19 1542
408 216 5844
408 322 9338
407 216 7990
424 355 7407
456 216 9469
460 257 6504
439 136 514
464 43 38
364 259 6650
371 17 7952
422 117 302
349 98 8211
444 411 5467
307 297 81
433 40 3431
49 19 8986
198 119 433
351 151 894
346 297 3996
330 316 3234
70 60 1335
335 129 1897
467 336 7143
378 51 8743
293 281 9284
429 225 4499
486 112 4214
430 125 2962
193 24 9698
72 43 4470
391 104 259
309 237 558
417 200 1809
497 256 7178
213 183 258
491 232 6416
167 25 6060
477 201 9835
480 145 2822
307 184 2551
487 39 4468
197 7 690
304 196 2618
491 342 615
446 124 2167
456 372 8415
442 305 20
370 136 6687
431 237 7190
471 359 6411
291 209 9593
216 202 9917
393 292 8810
419 374 2119
421 293 7955
496 326 6896
434 406 6394
270 34 3737
209 58 4186
472 216 2493
375 20 5552
449 240 3387
193 159 9036
276 271 2580
135 80 2972
406 370 3581
404 244 8151
328 66 6395
349 110 6071
488 239 5320
112 18 3305
387 362 8628
284 89 6380
257 23 9010
416 98 618
448 447 7514
237 200 2154
413 160 493
476 293 1548
93 10 9115
418 1 638
409 52 8298
449 116 183
293 60 2191
307 34 231
385 127 8172
368 202 887
485 232 9681
185 175 3652
496 227 3783
255 164 9068
408 391 8717
365 204 2399
488 223 2614
456 46 943
262 113 1733
207 69 8531
422 82 3195
75 7 3762
276 54 7753
382 164 7549
390 92 2321
115 62 8147
483 281 3196
390 334 2601
418 365 1588
311 103 8319
449 375 8691
365 228 6500
449 232 455
471 211 9872
295 101 440
282 32 702
493 151 6268
225 115 5142
256 110 5851
372 110 3908
382 141 664
416 147 5900
156 9 5380
294 188 4576
471 73 9980
281 233 5562
392 196 3755
78 37 1164
330 118 6816
279 209 7702
146 145 4899
280 267 8864
420 188 7654
210 19 9274
225 109 6198
328 146 9702
369 263 2549
412 95 684
196 164 9447
344 253 709
479 454 7677
100 33 385
478 116 2805
94 87 7983
98 86 9548
489 456 8707
226 181 2447
256 180 2766
289 94 3010
492 80 781
328 84 9659
148 113 4952
454 399 7828
500 116 9077
433 169 8662
499 467 7591
277 225 1656
271 13 9695
205 90 2133
310 190 4105
407 53 8467
402 116 5228
195 62 3492
227 80 2347
396 212 2067
411 247 2163
389 299 9662
470 100 6855
330 238 6815
363 271 7729
122 31 6593
273 231 4227
385 65 9022
474 25 526
345 90 4450
495 161 2243
248 30 6031
319 272 9326
294 53 1096
484 200 3472
279 231 9342
459 351 4721
227 146 2378
441 140 6926
480 336 1203
281 85 8292
424 143 4462
482 294 1600
323 151 2530
422 71 4998
368 98 7422
485 315 1357
133 13 1551
411 56 4326
476 116 2378
409 335 6914
470 363 615
475 89 2391
479 147 6772
229 101 6329
454 339 6110
380 104 1773
461 45 5300
203 189 7716
433 199 5616
426 43 4643
321 19 6619
184 91 594
364 223 8487
489 365 4437
298 164 1482
374 224 3212
194 171 1193
127 120 1861
492 475 3838
55 13 3027
448 186 1579
384 272 7440
194 66 8547
120 34 237
484 80 2703
459 385 6940
231 70 7659
353 263 3764
465 337 5967
101 29 1825
418 414 7440
341 34 7959
377 119 1953
480 349 756
216 139 6417
167 112 468
291 42 8771
325 298 8249
212 211 1758
499 36 9376
217 4 2340
204 79 5089
181 37 118
283 206 3717
354 151 5644
455 218 9620
309 218 1729
453 184 5865
483 218 5797
388 24 2504
412 121 4073
376 50 2181
58 35 9179
359 355 9082
491 109 5481
68 64 2200
416 30 5308
359 125 5816
495 199 1940
358 97 3791
429 162 1875
363 254 6341
321 47 7400
381 216 2814
424 278 1725
223 127 4775
491 203 3708
480 41 9243
353 11 1216
453 90 2996
417 147 7440
427 126 9544
353 146 4555
346 253 2127
467 287 347
223 63 2336
302 271 6153
458 271 1309
388 91 4131
400 362 2809
253 171 7558
68 12 3403
327 305 1803
259 67 7641
275 205 8950
318 229 4596
118 27 7296
431 42 938
426 106 315
102 47 7830
470 112 1075
284 48 3072
108 11 2555
433 319 4239
228 218 4369
228 37 4148
357 127 4701
143 112 1292
262 43 4774
390 14 9422
235 75 6759
258 253 1649
108 34 6956
442 358 7369
448 33 5310
396 209 1237
470 216 7175
286 257 2946
196 73 3249
475 264 3080
375 128 1899
154 101 60
493 294 9704
467 465 7746
329 227 1425
457 331 3278
169 147 1978
349 140 2446
350 274 7489
455 399 212
194 132 6660
330 253 3353
302 45 3601
340 47 3715
171 136 4389
270 81 1623
351 11 3890
445 334 8697
493 245 9982
459 422 727
487 239 5854
472 284 4700
374 27 5188
492 142 9601
445 279 8692
241 196 2122
427 23 5027
420 300 2497
162 109 8856
444 384 8189
120 68 6174
263 53 8218
353 217 6979
295 33 8351
424 385 799
38 17 2031
469 383 7661
357 31 2274
361 173 5417
327 39 4633
353 22 2547
394 305 8263
364 26 1915
382 357 7071
469 68 1223
306 53 6578
491 141 5398
445 91 2218
211 84 41
427 256 6745
252 159 4284
485 450 4121
109 9 7612
495 381 2949
293 81 8856
470 386 4490
338 62 8809
461 425 4045
461 245 8175
280 58 6058
443 403 5565
294 166 9943
351 132 8472
482 351 2226
313 162 9159
436 87 1387
241 85 3256
171 143 5740
130 32 6171
455 366 9808
486 447 9009
321 82 795
500 139 788
417 115 5460
479 306 7918
454 406 6254
412 188 1015
387 46 7281
174 162 3571
75 2 385
376 31 4284
391 356 2768
353 245 4855
434 78 3980
103 51 2168
474 256 7130
434 238 5145
386 219 1311
459 2 1051
486 313 8561
292 95 659
474 224 7944
473 75 884
347 198 4168
471 393 9181
128 122 320
343 39 621
206 88 327
278 116 102
474 278 5703
339 213 23
379 228 3137
98 27 4689
149 72 3533
347 71 4843
316 31 9969
296 141 533
348 25 2803
437 162 4014
342 45 123
390 214 9642
306 68 3787
356 72 1737
444 113 1385
179 16 9957
81 57 785
134 29 9872
489 272 5280
486 377 9478
388 279 8713
266 238 2578
475 90 5902
362 173 7811
313 280 24
306 3 7974
311 205 8331
357 183 4925
466 396 4844
416 163 5194
377 239 4030
461 218 5230
388 32 3631
334 70 4093
380 265 7959
286 22 6316
276 94 4125
160 149 9703
281 65 7422
350 209 5264
436 100 5364
451 74 9723
136 59 3476
495 81 1308
453 328 8648
431 256 9813
453 120 5846
436 32 5928
152 8 798
231 98 5353
107 48 8720
258 11 1338
208 159 4999
243 226 3812
141 112 3211
219 75 8189
363 236 723
492 322 4231
299 139 6689
361 60 6555
317 12 9157
466 27 6676
418 19 279
379 130 1335
338 6 706
215 158 6956
303 134 5360
497 294 1542
464 273 9931
361 188 9220
378 224 9946
474 455 7002
391 158 5051
377 176 1870
476 138 2358
468 373 3813
370 248 3402
154 113 5163
403 277 7828
440 395 8475
345 138 4410
381 102 5970
480 443 9558
178 176 5753
401 388 3705
311 53 5519
342 211 756
297 179 607
473 184 1000
437 317 583
426 213 26
358 273 1237
84 45 5668
365 255 246
365 326 7817
418 200 9014
334 234 2112
438 240 8859
461 411 1914
126 44 3613
406 155 4823
488 302 2270
450 339 2576
434 127 7306
42 19 9737
463 30 559
347 114 8298
59 39 2564
387 213 6251
489 104 2580
84 12 6124
338 312 8157
265 69 4218
219 49 3348
132 32 9250
320 219 3436
440 189 4779
494 346 7650
461 359 1007
462 278 5857
163 115 2440
434 282 5634
466 64 4063
307 87 1780
101 17 2559
421 211 5973
287 106 7416
261 73 658
163 147 4373
243 62 4987
364 198 4965
451 73 4043
385 367 4573
338 140 6582
295 217 4624
466 404 6727
418 178 6762
309 239 5635
437 20 9314
488 172 1644
445 173 6603
467 419 5243
437 114 292
286 40 3676
385 335 5813
312 128 6603
362 78 2783
432 339 223
401 125 7246
489 320 8533
417 359 2247
249 239 1350
293 140 9656
295 257 2869
350 122 5162
483 41 9045
472 427 5812
411 3 5113
181 150 21
283 31 4048
395 272 5324
416 219 8915
447 100 3621
256 250 2507
463 24 4536
302 235 9633
323 84 9827
390 279 7430
379 89 9420
105 5 4580
338 205 5855
328 174 8229
157 9 7072
421 352 6407
462 253 3014
278 232 7351
376 164 3868
308 86 1009
263 244 8128
205 147 8421
250 93 708
312 192 5433
377 57 2239
319 226 7659
495 368 1137
258 199 6098
291 73 3790
311 41 3611
466 214 8329
251 245 3543
260 148 2296
483 241 9720
452 68 1869
338 240 420
407 75 6228
314 292 7982
315 165 9933
322 151 5118
260 77 4004
431 114 9050
269 185 2708
342 42 3192
317 306 2620
382 122 4872
449 410 5226
192 152 6869
239 157 7356
319 191 5103
89 82 7877
298 169 2314
474 404 402
367 216 9981
154 69 5628
496 482 1711
367 287 4625
166 65 1958
203 131 6677
353 313 3411
145 108 1287
322 2 3537
295 238 3604
444 386 8251
291 74 152
292 162 1525
180 174 6457
480 259 9923
89 18 5477
413 204 6767
353 157 1744
362 94 2586
466 5 9469
453 145 6430
302 282 5779
142 85 5482
402 377 1383
416 338 5401
136 7 5747
418 100 2419
230 222 1413
266 243 2089
245 5 2731
383 183 4510
479 48 5233
269 102 8889
95 30 8212
357 267 5706
398 99 2182
376 307 5962
405 27 8024
371 61 7541
357 300 7503
70 5 5370
472 381 8880
478 343 5017
176 105 727
452 281 3738
409 186 3910
98 54 1425
239 116 2921
250 228 7652
54 47 5632
430 330 9985
318 304 5973
397 333 5937
323 49 7241
127 59 1382
479 467 8145
456 442 9904
432 409 130
496 380 4153
403 321 984
166 58 1162
188 136 7743
359 129 5045
486 307 6432
285 141 3681
486 337 3049
416 336 3120
200 174 2072
443 113 7718
337 285 8899
287 282 1178
295 284 6503
497 146 4939
227 46 7409
415 304 8930
363 89 3939
430 109 978
495 118 879
325 289 9793
202 157 6174
391 63 4621
484 102 5587
236 46 6532
485 160 8458
469 264 8891
147 30 1230
452 443 5098
463 242 6662
131 19 5667
412 51 4311
109 25 1366
498 37 3804
448 297 5209
380 239 9774
269 264 1401
201 138 8642
490 52 8137
141 73 2207
252 132 7756
478 251 6627
422 388 1310
445 38 4259
321 88 6864
495 462 1280
315 178 3277
303 204 4370
390 6 2726
330 122 5301
380 332 8487
439 261 7286
354 17 1959
439 121 9461
430 13 5366
266 138 9814
444 317 9562
339 216 8311
56 15 8855
469 83 7130
130 37 1202
277 128 1009
341 79 552
467 257 3735
474 159 3716
129 45 9949
427 104 2290
372 271 7844
314 180 7733
439 150 4512
370 287 931
314 310 4495
457 259 2001
471 381 2099
374 129 6002
476 457 235
392 181 6210
172 147 4630
173 129 4395
478 317 4602
326 81 1977
369 75 6642
500 439 8947
343 145 6981
290 110 3713
199 35 4117
238 211 8197
106 11 8281
339 117 7003
490 108 963
461 269 2610
481 226 5782
482 86 9966
405 381 3581
324 43 5976
401 24 4185
222 150 2656
58 1 3374
469 295 3974
420 110 7885
384 122 4091
440 393 1931
259 97 5288
427 291 859
457 202 5444
234 4 6856
464 55 1152
119 49 8711
293 177 7949
446 337 3903
238 149 346
278 152 6770
377 215 4733
344 200 3167
78 17 2543
335 29 1273
465 267 2096
280 154 2180
497 368 2950
453 41 2401
368 156 7796
406 21 1947
439 247 3634
403 108 7766
448 177 6816
448 395 3257
121 38 4001
425 12 7922
420 33 558
140 4 7156
296 65 2334
308 218 5261
431 128 7826
471 17 7250
366 33 6707
334 188 4392
253 2 3289
352 195 4059
190 34 692
433 225 81
264 191 370
273 174 3808
363 12 1336
129 10 7206
231 17 382
72 16 3362
286 270 2814
359 267 4682
422 309 5475
472 122 1764
148 4 5525
238 104 5181
313 113 1423
389 253 3632
184 102 5640
401 275 2270
200 89 6855
430 230 3335
218 38 4601
339 257 1370
288 270 7099
426 348 5860
261 61 8082
127 7 6043
400 206 7150
399 183 5788
134 32 6190
471 128 4946
352 23 4117
264 47 1672
111 51 723
353 10 9528
344 91 8923
375 269 3876
78 59 8660
427 161 85
498 296 5328
311 231 330
356 128 9855
414 94 5003
152 74 7994
227 76 6740
409 256 6473
475 436 8021
304 194 6873
279 207 5119
65 55 2616
409 381 6393
384 315 1857
316 301 8943
147 85 2146
300 246 8334
363 265 7596
421 267 335
267 29 6400
153 35 6429
435 418 2562
143 111 5191
499 229 1650
345 121 6282
396 181 5409
424 352 3594
441 223 6334
180 125 2476
291 114 1546
117 67 2359
193 161 1647
188 168 150
151 43 8217
174 117 8066
366 188 3946
469 412 7177
463 22 2002
140 10 7474
500 281 205
372 95 1659
315 98 4253
269 93 6274
329 177 5140
429 52 2973
485 33 7317
394 211 8502
159 142 4392
268 4 5938
338 326 780
298 26 1378
421 191 733
196 13 7752
364 325 7760
298 190 2812
200 18 2868
389 240 9734
271 233 2560
367 245 6625
487 327 3689
351 74 9059
260 172 4047
461 37 1690
75 66 4478
313 293 1740
481 160 2379
469 240 6227
132 52 9442
423 25 9165
398 114 2998
464 425 1403
493 365 2172
260 111 7079
333 198 3770
473 433 9946
420 247 697
183 55 219
434 158 5352
423 85 8596
486 109 4987
112 97 4460
183 38 5253
480 425 181
356 244 3350
262 56 3336
368 186 1155
374 144 3455
344 205 5132
235 10 8285
291 205 1364
481 250 4479
395 49 4020
332 307 9889
222 72 770
386 88 4628
409 133 2919
498 452 6589
207 39 3749
97 41 3682
201 68 4787
393 141 5628
293 137 4089
313 265 1733
486 13 1801
327 189 7527
268 253 4588
316 76 4477
424 5 5779
276 4 4821
191 153 362
428 38 7450
403 171 3772
357 2 4578
458 68 2661
153 66 8848
212 95 6004
304 122 5787
109 84 5864
441 17 2998
344 121 263
319 193 2319
418 359 9989
394 248 1821
91 37 4191
186 58 7570
459 355 4984
298 294 272
379 349 8333
271 18 6244
457 260 7068
466 126 4560
430 162 2792
389 184 2348
132 120 6524
208 23 8608
382 107 7609
60 21 5680
362 196 175
445 255 1638
312 286 6616
70 29 504
288 130 7238
498 321 6931
482 215 2302
138 25 7934
450 215 3409
471 431 7600
257 9 9908
291 125 2224
374 355 4504
367 335 5079
444 318 7975
417 68 3025
406 283 4294
405 234 3710
372 44 1059
234 21 1793
346 102 1138
360 288 3754
403 16 5309
300 19 370
426 413 5217
354 67 5214
341 70 5847
363 211 1727
414 217 3943
477 34 6116
442 260 6751
431 379 6534
339 13 4313
457 155 7901
469 358 3877
328 105 1854
60 17 3033
453 362 8320
268 25 3058
311 300 9304
26 5 7763
480 288 4528
176 121 637
382 232 1788
263 68 2124
323 304 2814
470 362 588
466 455 7134
367 88 1193
279 140 3771
486 292 3732
322 276 2701
442 431 9185
215 173 8637
442 66 928
134 83 5485
482 110 5183
477 56 7895
202 94 5097
123 122 921
417 132 1419
454 249 6394
391 30 8447
457 313 3007
77 29 1249
319 181 9845
450 88 3248
372 236 6635
321 107 6105
490 477 1345
488 93 7628
459 454 7236
381 26 2783
259 103 7264
239 167 6821
293 172 1309
391 316 3931
306 156 5575
259 19 970
416 58 5481
450 321 514
278 89 804
449 255 7965
479 154 9969
163 138 3831
466 389 6914
429 308 8613
124 75 7981
262 131 746
409 211 9027
300 243 6796
330 102 5688
405 288 2934
342 107 6340
304 70 3552
25 5 9351
175 16 6549
492 271 173
324 143 5040
483 478 5610
241 92 8771
370 99 5465
484 254 6199
432 172 7714
266 66 4451
281 279 8554
476 440 9676
397 372 2921
210 2 6634
208 120 692
488 2 5106
351 215 4456
394 242 2596
471 430 3396
191 135 2489
185 60 2190
448 223 2080
486 404 7272
232 51 2842
267 35 8128
496 431 6732
320 39 3390
370 98 3675
347 10 6055
436 194 7943
478 68 6560
196 186 8246
326 46 8327
383 198 4402
370 73 5682
168 13 1715
358 92 2562
401 178 7738
98 91 4661
245 6 8828
361 20 3083
344 69 4718
435 142 4086
495 225 4277
220 152 9548
365 302 9181
124 82 801
311 155 5134
191 60 3315
214 88 6291
197 55 4394
428 220 7156
315 11 6289
499 266 6577
192 14 536
308 160 1617
492 320 619
213 76 7915
148 123 1733
258 80 4569
200 121 9289
202 68 5164
182 16 4331
318 52 5037
232 54 7746
480 315 4994
386 288 5515
437 132 9906
263 240 6967
476 379 2187
385 331 9398
386 270 1822
299 297 8897
372 200 1977
473 371 5253
497 419 7519
484 131 9721
134 86 7672
419 383 708
100 64 2864
436 22 813
489 134 6609
263 99 5861
451 375 701
344 305 7193
337 264 9818
176 123 3203
414 226 2511
393 207 9063
376 92 3226
482 207 5882
217 179 6669
437 284 8992
425 123 8876
168 36 9663
352 261 4718
399 278 847
429 328 9938
462 361 8117
198 159 1672
392 342 483
212 164 4313
500 463 2007
377 206 8512
361 329 5181
487 410 8213
213 62 6945
165 58 2494
459 307 1359
422 62 7287
483 45 5767
479 94 203
497 75 5084
270 142 3264
330 54 675
352 19 2801
294 195 8302
474 109 2776
424 192 7824
232 88 9582
274 72 2922
408 215 5855
135 130 86
94 41 6128
403 155 6399
329 189 6300
180 68 9875
368 16 1627
474 295 8406
444 182 8728
400 364 6263
477 80 6790
290 275 4155
383 166 3705
427 147 5203
55 47 4424
321 18 7850
355 315 8930
296 149 4011
122 9 2900
433 367 3090
278 262 4305
361 252 9617
246 242 7461
351 265 1380
421 197 8675
267 237 580
358 3 5054
214 30 9746
365 209 3455
100 34 5951
423 206 9362
480 317 6418
414 209 2439
296 190 367
431 423 4241
407 15 8794
430 426 8809
239 46 3465
428 237 85
397 80 8956
257 240 7870
469 209 3486
467 165 7277
417 105 6825
415 169 1420
263 234 9131
342 152 3433
475 281 3863
471 320 5972
319 43 27
347 66 7995
175 27 5846
145 29 8022
484 432 9230
275 85 7612
178 99 7078
456 354 5028
304 202 6524
326 266 4190
176 161 3046
383 18 8420
385 183 8977
479 138 8285
23 15 5587
484 458 6614
385 146 6013
192 149 6806
407 198 6886
446 279 7517
419 4 540
498 158 5680
244 106 7869
351 235 8410
357 19 2967
385 131 1240
68 52 370
418 284 2298
440 43 9193
413 190 2182
310 95 3381
445 309 8177
227 75 3758
406 210 7479
477 408 9506
306 276 6022
416 373 2463
204 196 3090
233 213 7780
475 438 3230
487 245 8005
151 120 6812
123 29 2157
364 299 7282
455 412 6580
467 413 4853
199 8 8496
367 13 1101
443 415 7806
488 421 7675
451 12 2556
255 208 1976
385 357 4940
394 47 4993
152 30 3970
185 57 7193
464 331 6793
457 132 3431
482 166 4905
209 37 740
323 173 6227
252 112 2454
354 45 3481
74 59 2293
443 185 4754
357 110 4536
444 352 2691
481 252 7602
471 361 5872
377 184 2519
355 7 5018
189 68 6527
194 6 4246
119 9 473
500 420 3994
210 26 9851
386 178 4682
328 301 813
388 372 4769
161 115 5628
494 291 765
219 26 2645
478 161 9423
421 170 1186
454 431 6440
475 315 6392
459 414 6791
198 175 414
311 142 4547
472 112 8291
253 184 5559
491 130 1954
278 58 8048
500 484 3011
481 417 4116
226 188 8507
381 266 8416
203 179 3424
140 50 4413
391 77 637
138 89 4064
340 64 5170
468 264 3660
486 458 7797
274 61 6436
353 200 1235
125 97 4178
396 253 3954
296 150 4475
187 9 1999
153 98 9408
363 354 7350
296 179 8719
236 96 9081
281 259 8096
92 72 4389
318 188 3205
331 129 6869
494 286 9792
263 194 1685
436 246 6036
132 77 5727
274 225 1790
253 210 6443
303 157 934
233 219 965
440 213 6810
360 85 481
309 25 374
134 101 8810
425 343 9915
274 144 6254
290 42 908
267 60 3223
211 26 3172
487 345 7256
415 7 5776
325 189 6048
442 92 6255
99 62 2949
415 17 9902
146 93 6530
497 164 6529
485 28 6138
495 158 4563
225 89 9019
205 177 8579
267 164 2088
119 110 5257
447 118 3239
145 137 3698
333 24 7323
243 15 8747
138 96 6286
188 161 6449
257 16 6144
176 155 4110
294 205 248
238 84 7118
239 136 1035
218 85 151
390 87 6191
434 253 1446
170 110 5801
429 322 5474
186 56 5137
277 209 7972
395 7 790
467 152 3651
200 164 6679
440 175 8536
447 416 6166
307 229 8747
411 166 2926
329 314 1517
256 87 4318
467 331 7342
432 429 5865
289 53 5399
243 204 3311
462 422 5680
237 224 7369
332 23 225
308 226 3465
236 130 1675
471 36 4217
464 318 7928
494 491 1355
470 241 6605
245 37 4295
232 137 6577
475 426 5645
236 106 6670
496 176 3334
238 91 6267
135 122 3363
202 141 4497
267 83 7343
435 137 6230
484 94 4839
213 168 2658
499 249 814
494 279 5556
364 234 4833
308 251 3038
253 29 5263
380 137 274
373 245 4116
152 105 2275
427 54 1303
97 7 764
239 132 9838
475 34 4504
340 219 5305
396 350 1155
259 244 2393
82 26 3366
384 105 5830
245 177 5000
321 220 1073
281 178 6363
401 239 9532
452 387 3892
326 299 928
359 331 8637
245 190 3605
322 269 646
247 155 4944
406 24 9841
332 21 3985
380 194 2358
333 74 7576
147 64 9581
77 75 4172
471 365 3771
365 352 7372
426 405 767
223 122 1257
407 264 83
183 77 8496
408 337 720
465 461 3943
397 134 4065
463 263 4609
226 192 1402
255 9 1397
265 61 7218
431 209 632
300 210 5988
106 71 1805
78 58 5162
426 304 8804
333 53 5907
286 161 1884
230 173 1025
481 433 5380
298 201 926
278 34 3750
363 114 3739
150 21 5190
238 78 4197
339 274 7621
169 119 4404
491 487 7012
217 107 6453
292 221 9742
455 358 5528
318 106 4241
312 152 4702
194 59 4413
404 31 8627
464 8 378
450 127 1043
488 162 8748
47 19 2489
396 275 6986
409 104 2628
458 54 2690
433 31 7199
117 17 8556
482 161 9152
429 74 5598
405 352 7492
350 156 5639
295 287 5967
495 436 1323
383 277 9958
207 19 6150
497 49 1195
332 20 1105
291 200 718
328 202 6057
382 21 5646
95 55 7687
467 228 2515
385 210 9257
352 147 7215
178 121 5925
202 193 696
197 110 2919
305 126 3264
335 185 5525
199 68 4720
201 20 5616
363 72 7044
371 11 427
357 226 5870
438 368 4961
234 54 2524
232 68 1974
403 384 4225
420 324 9394
345 198 5843
473 437 7543
430 167 1975
450 148 8642
241 141 1813
446 34 929
365 12 3110
289 213 7010
386 190 8354
436 196 5517
429 408 1425
263 196 3036
199 193 1971
264 138 9294
426 376 5268
476 13 2047
268 171 7602
427 194 7332
304 65 9854
355 294 9119
408 218 739
244 81 8799
444 205 2474
403 257 5464
387 181 1049
336 266 8413
245 33 372
283 41 6344
489 426 2108
435 425 2031
485 233 8695
289 200 8047
498 378 6195
107 2 840
281 271 684
357 308 4656
367 124 2591
259 20 4161
405 316 5888
447 142 3353
312 136 8699
112 9 1256
199 24 2161
402 213 3391
344 266 1516
385 103 4019
225 24 9230
255 140 3555
162 82 335
143 30 1713
292 176 2529
111 77 211
492 241 4851
394 205 1107
417 65 1822
324 159 4353
390 120 2127
401 400 1686
234 148 1973
344 209 7387
353 296 2812
427 387 8594
410 327 8172
330 291 8031
500 32 4665
473 18 4530
331 5 7874
256 130 382
385 69 9571
360 51 5042
499 222 6721
138 88 9761
438 231 8734
394 10 3330
282 256 2844
222 115 6872
497 298 9568
190 186 4846
463 388 2698
368 85 6430
286 28 3652
391 143 6287
322 109 1212
425 279 6308
392 277 5246
444 229 2609
235 168 7447
60 50 7966
300 114 2797
234 58 1827
400 245 8936
296 112 8792
343 11 6885
254 116 4784
238 63 8759
199 25 9011
202 115 5330
65 30 719
318 67 7992
383 176 7434
208 148 6335
469 126 4651
418 49 8923
411 32 4243
284 164 1771
432 139 8328
317 179 9955
366 32 8259
307 251 2326
291 208 7429
345 342 8449
74 49 653
354 274 7113
327 55 3735
314 313 1949
433 329 3331
134 118 6930
449 253 548
438 33 2348
403 53 3399
379 56 6878
374 332 6824
281 229 6436
468 53 4440
216 29 4458
337 329 6077
421 265 8880
486 199 7091
435 288 4970
385 46 2716
148 111 7301
353 254 3854
375 138 9539
322 294 9725
402 11 7905
191 124 7897
108 90 820
477 442 3983
490 345 455
488 154 298
372 189 4070
312 299 9106
444 218 3632
54 32 2420
455 329 2975
47 30 6670
62 18 2091
400 242 6048
419 194 195
190 157 7134
259 245 8584
306 305 5711
171 32 7721
115 78 2577
425 403 1116
494 292 5460
27 21 6877
499 107 3164
175 168 6003
280 49 9608
468 393 5569
157 119 6158
172 104 4203
272 257 1440
348 196 9926
441 312 3284
237 5 771
473 328 2675
150 69 3433
396 50 2114
373 258 6628
52 14 7336
179 119 8478
491 455 6102
381 185 7565
428 120 1499
85 17 9899
372 181 2241
78 75 4075
424 147 4606
328 282 2255
262 57 4722
124 65 5736
296 87 8734
218 16 1417
471 132 7879
379 166 6141
285 149 6359
158 124 7546
491 317 2721
190 145 435
366 41 2571
136 110 9718
82 43 4476
494 307 1180
408 348 4883
162 23 734
247 111 2528
288 278 6712
460 409 633
381 59 3017
395 231 3021
227 3 8661
333 100 8617
165 53 3921
328 2 2048
325 182 4157
449 122 2030
423 138 9480
344 136 1199
486 165 7721
282 164 81
485 163 2546
413 23 5932
245 48 221
267 116 8773
269 1 1126
345 241 3899
417 202 9693
270 68 293
196 190 9441
154 9 2881
271 57 25
454 240 2049
305 121 6093
177 87 1910
396 80 420
436 330 5212
427 359 1477
216 2 6520
384 170 870
479 375 6773
40 18 7731
474 137 175
235 231 3976
493 446 4901
461 204 4319
70 43 766
289 65 5629
366 171 7312
418 67 1857
478 47 4508
479 243 104
337 179 86
491 81 7547
320 54 3576
314 10 4064
403 351 8650
390 27 1624
426 300 5199
469 434 2585
404 362 8604
152 68 3844
446 294 5836
372 312 7960
255 113 6161
347 42 831
328 25 2368
228 34 1432
358 80 4887
414 328 4866
167 55 1961
442 281 3355
326 167 7806
287 264 1639
268 203 8943
381 203 6962
244 242 329
451 326 5451
435 335 4564
320 20 6784
366 137 1833
407 194 713
236 37 246
460 230 4067
492 411 6722
137 119 8538
413 25 1315
190 189 3260
41 40 2193
148 46 7168
325 55 3310
356 115 9371
263 113 2018
229 67 7338
59 4 2
253 70 7433
208 33 6791
402 161 628
129 70 6415
451 268 4395
388 29 8336
299 288 2468
192 74 2905
301 167 1397
455 32 6898
324 204 5413
404 66 3224
166 71 4832
343 14 2460
418 403 4672
193 182 5354
237 223 6440
372 137 4229
412 152 7881
266 144 2413
485 349 2427
365 232 1119
483 461 7192
433 81 3445
429 150 6801
490 21 3070
485 119 6893
421 201 6993
292 150 5123
278 162 8681
185 145 5583
369 140 6404
280 54 6194
230 180 5101
335 109 8088
480 34 9553
496 287 1649
326 322 4525
219 22 1151
412 294 6317
320 268 8398
405 362 4035
175 103 8057
432 355 1754
271 11 5914
313 29 4380
236 115 756
43 37 5223
499 211 6765
329 254 2199
485 470 7509
439 191 920
131 125 5686
475 453 50
363 306 4895
327 284 7215
240 124 4559
425 285 2745
374 325 2957
482 291 4699
360 347 5467
329 181 1384
416 401 955
308 28 2182
198 161 317
396 44 8810
474 357 787
367 172 4402
467 158 5237
454 122 1685
339 170 5552
495 277 4359
479 461 8604
487 49 1709
125 23 7132
339 11 5049
313 282 5814
405 64 9103
377 162 4892
453 209 7806
441 321 8822
474 402 8433
400 398 7279
305 143 7326
347 24 3784
343 124 2543
216 129 3294
351 327 1561
108 23 5369
388 129 7196
215 88 8316
482 322 4189
409 48 2846
340 59 4996
381 257 8643
279 267 2743
234 160 4426
473 1 9329
257 63 5447
367 111 6765
277 35 3138
444 408 2419
490 37 8694
320 69 6803
287 27 3745
494 411 66
189 89 6916
278 119 3580
270 220 7312
447 106 2702
487 387 3293
212 198 4964
181 138 2246
36 17 8360
74 70 9920
392 25 1504
64 31 7545
70 55 1460
221 115 8258
228 53 2065
330 131 2767
347 141 7826
364 62 4842
483 174 6354
460 395 9785
475 455 5551
392 252 6993
487 91 6911
446 138 9943
397 12 6733
352 268 6403
98 30 2828
277 18 8551
430 318 2491
282 103 2797
285 26 1550
407 200 208
369 248 9200
275 43 1493
286 105 5568
453 88 7674
287 279 1956
294 107 5801
296 219 3706
268 35 6790
275 34 5298
497 304 9329
393 96 1620
494 361 6603
485 434 1561
264 74 6092
401 139 4668
241 5 9958
380 246 4379
268 219 8695
249 95 8651
158 63 1650
418 326 5716
256 74 6909
244 240 9855
471 456 9929
450 237 121
403 170 5903
500 240 9890
440 108 535
273 90 7179
422 41 8459
407 356 7482
399 362 3668
350 69 2356
442 34 5166
77 43 9556
402 395 9058
228 122 7450
226 77 4147
282 47 6573
441 267 3290
340 270 139
469 304 785
296 222 7093
260 17 4672
100 75 1038
434 234 797
473 171 1379
485 413 8266
362 99 9524
257 66 2660
316 121 9608
317 199 1239
373 25 9553
399 223 8851
489 29 7905
218 177 7274
449 85 1228
467 421 9586
314 277 3334
94 85 2728
287 151 1196
426 416 9214
473 158 3335
312 64 6666
385 269 6238
193 76 9504
491 136 3289
96 4 6208
415 293 5844
225 99 3620
443 385 8270
123 64 7432
333 128 9585
319 28 9051
438 228 240
456 410 890
337 293 1139
464 372 1938
406 60 5808
328 215 1879
439 60 5926
167 123 9003
441 318 2641
450 258 583
492 132 6083
208 133 6578
115 54 6058
280 229 436
404 246 8823
408 262 5719
355 322 7522
422 114 8393
234 30 1339
438 162 306
137 84 2802
169 52 9076
493 489 7301
277 227 855
285 210 22
315 126 3352
341 310 5987
371 197 9486
365 26 4665
440 205 8722
498 215 2883
385 166 9168
140 11 8202
285 174 6613
40 38 4865
439 27 2474
412 97 6104
444 94 5342
323 230 3656
292 141 6508
465 310 1514
421 335 5871
310 230 2259
455 316 7696
272 181 7521
240 237 4464
217 152 1862
241 90 3144
362 56 5733
489 210 5351
158 104 7251
221 120 2804
384 41 5058
337 186 8536
499 433 6784
442 313 9233
189 141 3431
113 71 2529
215 131 6514
406 311 4977
382 139 2292
341 197 238
366 3 4321
420 287 6217
315 147 9509
176 46 4279
481 454 2709
162 144 8996
351 78 4257
497 401 1325
115 87 2436
196 78 8623
458 309 8368
337 75 5529
120 81 4058
275 133 5693
118 74 2808
280 202 6318
478 234 4534
479 128 5839
408 175 3452
482 33 3240
317 310 9531
323 2 3030
454 9 4141
353 148 4382
131 97 7918
350 66 8808
298 87 2784
177 120 485
425 152 6277
301 236 2909
351 77 1985
341 130 3523
31 14 4110
380 164 9286
292 88 592
466 270 1489
454 68 464
468 315 6236
247 51 701
498 390 9040
303 154 557
360 277 5191
199 60 815
148 118 284
243 52 8418
491 295 3638
264 233 7456
227 210 2606
236 205 5202
277 154 7108
308 161 7378
463 380 1893
449 323 4983
191 114 1196
318 2 8590
473 356 959
434 67 4417
183 53 3837
193 103 3039
355 67 1955
339 243 2435
278 142 7546
314 214 1857
436 164 4651
382 363 7555
460 50 2876
432 375 7816
350 167 5907
241 47 2175
420 301 4504
293 46 1563
355 166 808
434 342 1579
196 143 7625
457 447 8107
300 148 5581
481 261 1914
405 167 1333
373 359 4290
337 263 1281
189 122 3892
449 342 5404
238 32 9802
364 248 9591
315 308 6601
398 26 8478
315 269 3895
154 20 409
321 203 2640
453 438 3772
210 117 7628
490 26 3879
415 302 4936
268 206 8417
403 301 2655
257 228 8043
499 339 7310
481 372 2375
254 236 4426
239 217 6639
407 399 2390
173 56 1294
162 138 7839
302 198 1181
418 248 310
471 197 4801
423 131 8165
467 234 702
84 5 3597
337 128 652
410 101 8048
230 209 7009
413 88 6154
278 185 3169
479 294 6509
450 213 9218
306 17 6726
179 109 3503
256 166 6179
289 4 124
405 138 9501
188 67 3364
252 114 3943
430 302 4887
465 141 8602
153 64 6170
226 4 4858
442 428 4319
485 201 8392
461 155 2589
479 183 707
490 54 1416
432 151 5438
317 194 5456
429 192 534
362 91 3986
486 358 2739
356 252 9725
255 234 6081
232 32 2
337 317 5558
395 100 7459
177 57 3038
129 60 7718
281 224 6407
117 93 7411
309 32 1692
123 27 977
335 142 316
211 87 2099
430 312 7427
224 11 3722
444 316 6385
278 274 434
240 222 2041
479 73 7083
346 269 9453
364 182 5957
115 2 3025
360 338 7597
462 275 7318
421 82 1101
51 7 6427
404 130 6103
179 163 2133
498 459 5352
323 310 7319
375 241 9771
408 90 7891
350 152 8523
171 123 730
370 350 3578
275 174 6671
412 185 2094
355 195 8650
169 27 4554
117 9 6690
376 76 8432
23 1 9682
42 9 3313
381 227 2478
393 248 7990
425 376 3546
268 228 7983
57 21 9799
417 96 7925
469 242 9168
491 223 9115
96 18 3784
291 93 7616
419 99 1178
174 53 2456
321 94 9912
244 239 4906
480 100 6099
118 71 2597
272 182 9765
161 76 1048
474 176 3477
389 379 6904
392 158 1294
469 334 9737
345 327 5324
420 164 7338
80 41 6882
265 97 9342
386 378 1606
293 282 2696
279 188 8019
475 52 8476
477 104 1136
272 227 3206
360 290 9073
451 187 2222
474 362 2225
396 163 9552
249 219 1305
45 36 7594
482 327 8205
369 92 9267
463 426 5289
442 137 9365
344 206 3410
357 153 5351
423 331 5019
315 208 5794
358 192 946
488 370 7796
432 98 8519
375 101 7572
449 344 4583
438 375 9835
461 150 4702
479 116 9421
210 109 1528
49 42 6586
287 155 4714
442 439 1291
288 142 2453
258 154 3755
299 26 2226
226 135 6295
250 153 6076
488 274 8750
254 39 7464
460 251 2287
242 132 3049
140 138 3413
251 110 603
493 476 7701
394 103 5257
375 221 4105
343 139 2
350 337 9488
269 143 8334
432 187 265
466 102 6943
262 240 4566
330 239 2516
304 287 2276
366 49 2598
357 190 7055
420 43 9395
302 79 3980
464 329 6412
203 39 5544
457 216 2320
225 116 779
392 27 9480
355 298 5889
472 438 3629
490 110 7151
402 366 487
472 304 6684
489 204 3076
402 171 7151
163 2 3277
249 241 3924
497 393 6081
468 439 4435
387 132 6063
422 205 3893
400 289 5804
360 335 8850
312 46 5299
195 189 6630
497 43 7765
489 174 3913
425 76 7643
208 162 1139
492 218 5069
362 307 2778
454 175 9620
112 100 784
473 419 6796
364 195 63
456 234 36
286 164 5958
302 218 194
180 118 8981
203 24 2499
220 15 4097
496 217 345
170 21 7257
381 182 1777
219 66 6190
367 177 8313
355 157 7025
265 142 6944
198 151 847
304 112 9217
59 31 3237
238 20 3457
484 401 7402
443 159 8781
446 64 943
425 268 9545
382 119 6088
327 280 662
311 216 3295
444 155 2770
491 12 4858
288 82 8677
99 73 4888
403 109 9054
361 76 3817
284 136 793
495 297 6457
140 95 9533
320 287 4136
492 184 3015
231 145 174
364 113 3455
435 160 9390
374 296 2749
200 3 2878
312 164 9055
294 214 8423
350 233 3514
408 284 1828
222 118 8837
131 109 5870
244 28 3910
437 93 7964
175 98 2305
224 9 9685
233 36 7218
158 106 9466
327 267 8017
13 1 6824
291 48 8566
493 154 531
303 73 231
388 48 4350
353 198 5146
95 77 2911
224 222 2490
498 45 3089
293 237 5718
138 55 2780
408 207 6763
78 28 3815
173 38 4765
370 250 740
455 210 3810
456 233 728
482 156 3842
434 101 3415
260 192 7688
131 116 7043
267 215 8718
301 63 9936
400 265 5372
336 297 5104
414 192 5111
420 294 946
254 177 6961
300 61 7812
435 109 8174
225 152 9958
418 63 8076
449 35 5414
284 116 6013
270 257 6485
205 51 3748
169 159 3270
306 98 6988
191 154 2729
305 154 107
306 207 5002
393 329 4029
412 380 1160
364 93 4297
454 322 5139
447 337 6382
441 195 5610
331 106 8203
104 29 465
191 190 4341
395 264 1366
124 48 5880
345 325 3432
272 172 3615
473 244 5206
455 71 883
431 43 8346
476 366 6870
317 69 1470
456 12 5038
246 155 9726
168 1 7873
296 225 8673
368 159 2944
292 73 9919
312 275 9919
340 239 3526
164 7 8219
338 149 6544
443 236 8483
406 187 2625
233 208 6691
346 108 2967
453 341 9136
319 119 1504
448 183 8588
406 39 1709
473 6 287
435 223 734
383 287 7373
447 170 3338
459 237 7693
420 7 8182
439 212 7766
442 280 7751
454 86 8767
441 144 3104
469 241 4256
420 222 3299
372 320 6749
414 240 5989
319 121 4463
415 175 4401
388 316 2482
470 357 5364
222 158 3045
330 7 817
370 361 4423
317 270 3500
456 70 9817
412 403 2468
186 120 6591
496 451 2325
344 2 3168
374 114 2026
484 178 2088
6 2 4513
465 362 9537
459 222 9028
409 19 2604
473 289 3253
486 349 7207
156 93 650
267 249 1317
316 239 4195
159 106 9049
353 14 5978
413 103 1626
334 126 1234
452 26 3199
312 248 2024
349 88 7612
260 187 9143
430 301 8337
312 162 3543
432 106 6777
337 326 98
259 37 2764
433 399 3624
422 284 1218
166 55 1017
481 234 3372
211 105 6263
226 18 1491
361 251 4972
492 11 7198
415 48 4334
138 65 5354
312 259 6652
328 140 8981
463 127 5361
461 94 1290
128 35 9131
166 101 9188
386 144 6547
493 481 9078
355 137 8286
463 298 1975
257 149 5671
185 78 1933
359 25 9126
235 88 2164
394 104 6692
235 151 241
195 77 7629
362 34 915
458 110 7216
309 126 3967
344 312 6053
427 19 7256
404 297 2658
262 148 7891
424 58 2208
71 61 5074
210 116 9597
454 235 1932
332 65 6088
345 49 8677
55 8 1817
95 65 8861
168 34 211
313 141 4265
429 287 4230
297 245 1201
71 31 405
146 1 2914
120 70 3956
150 25 5762
464 457 4827
430 277 6797
358 207 9301
376 274 2868
372 354 9574
385 192 1773
334 120 7891
485 129 6461
383 346 7786
332 312 4533
272 165 1082
216 9 3085
100 31 6348
209 7 2426
405 353 1792
463 198 7825
261 31 917
148 86 857
475 150 8866
287 181 8472
398 14 3840
281 156 1761
135 96 3863
276 124 5491
217 117 4435
460 160 4073
439 130 1500
236 202 5920
415 71 9370
171 126 4869
474 168 3657
480 141 785
415 314 3495
316 221 4459
500 93 35
487 413 3197
462 71 7192
59 6 1398
397 323 3664
369 256 5094
392 263 545
354 267 233
309 233 535
473 98 7922
227 38 5971
307 97 9828
146 58 3916
260 84 6590
276 270 5876
455 369 9941
257 225 536
277 161 133
293 29 2489
465 441 4454
297 122 6824
111 20 3308
68 67 5507
181 8 7440
192 20 2348
364 193 1236
248 69 81
202 100 2271
244 60 6243
492 45 9941
500 229 8136
224 121 5422
419 363 388
413 356 9142
213 176 7300
431 96 7589
218 40 9730
374 106 6407
424 152 4018
500 146 1971
477 65 2692
386 298 9256
463 442 1711
343 119 9294
342 103 9185
463 41 9241
309 205 6745
481 232 7233
205 92 763
389 43 9178
266 231 1050
266 141 4484
360 13 1306
399 383 9116
387 200 6601
57 8 2696
490 437 5641
500 61 772
164 62 4967
240 34 3382
354 40 1871
397 40 2679
116 21 9279
374 372 6079
480 36 6328
80 4 333
439 135 6729
286 242 3559
258 60 388
269 149 2632
317 147 9980
456 375 129
483 39 9747
494 461 2185
443 131 1707
362 249 1764
383 263 3590
369 255 8664
403 202 3124
471 374 3522
252 174 8593
219 154 5587
208 69 2993
171 101 9322
323 5 6563
114 27 8364
493 172 1874
489 483 5213
321 296 5587
421 260 5031
136 70 4568
327 41 6443
350 12 7592
262 70 5281
345 106 1615
380 126 7
484 388 5827
49 41 3202
217 210 8851
199 155 5046
426 52 6480
406 279 1137
278 87 2442
494 368 54
414 311 7522
182 84 7552
492 233 8135
467 253 3790
444 80 4683
356 157 5933
87 68 6845
324 203 4873
436 213 2987
146 21 6494
334 243 2984
436 261 5439
469 297 7885
457 89 7502
355 308 4768
479 279 4611
409 368 7702
433 232 1801
471 4 6869
237 178 7052
124 61 2256
470 19 2625
341 25 8813
337 324 4417
380 110 9593
359 244 7963
41 3 5613
293 223 2523
256 35 844
295 44 7591
474 4 6017
255 34 4724
381 359 9575
496 135 2203
259 214 2152
287 249 4168
375 242 6095
368 15 3773
445 21 6804
460 282 3426
407 99 2014
458 114 9192
119 35 1595
292 245 1440
478 67 2295
449 234 1805
144 142 7626
479 22 2759
237 39 6704
325 99 4678
209 187 8493
412 32 9280
254 91 3452
248 109 9827
444 374 9580
345 340 8287
496 119 6820
140 74 8743
258 107 6233
432 203 5156
431 51 2663
270 261 6484
132 113 7323
396 180 6713
399 201 3132
469 127 1951
412 274 8062
433 380 7192
65 19 5528
256 62 1567
105 79 813
166 3 4947
384 277 3648
294 99 4281
264 46 7844
267 197 8958
416 406 7440
249 53 4
318 33 7106
330 148 116
47 42 781
279 273 4927
253 74 6667
482 212 5903
455 103 2830
241 163 6056
298 152 7918
460 322 7223
171 1 5887
377 329 1040
269 40 2976
470 308 5413
433 196 4582
473 143 4459
419 51 3043
192 156 9621
469 391 1588
473 37 8561
220 156 333
359 230 7595
423 193 2783
237 206 3624
306 138 1412
494 465 3250
422 197 7352
129 80 3228
391 380 4634
424 228 4853
499 357 5570
402 5 6866
428 386 4941
396 248 1146
324 68 2710
399 199 1049
491 239 9999
403 313 4856
397 380 5682
357 161 7469
474 403 7563
438 47 3368
221 69 861
401 361 5841
374 315 8243
218 187 6533
88 57 6317
259 28 7643
169 105 5639
237 235 7134
281 157 3024
271 115 153
450 2 9319
469 346 189
227 195 5257
447 158 1356
241 118 2027
326 305 5767
72 66 6026
437 177 7181
394 275 9864
453 116 8649
498 91 7413
131 113 6737
311 150 3235
194 102 7462
306 197 710
271 223 4062
182 177 2071
353 242 8483
437 234 4279
306 78 5764
410 329 8584
303 199 3518
276 128 392
243 181 6410
292 129 1911
289 120 6562
203 75 5256
209 60 9279
190 151 169
299 240 6996
406 362 3417
280 29 7959
183 26 1773
461 391 5099
204 170 1810
419 200 2291
126 111 9080
439 118 8675
471 247 1793
490 329 3389
445 75 9057
230 54 3354
240 112 7302
462 29 9752
334 200 3348
228 206 9949
468 2 5202
476 415 1737
409 369 2674
64 32 6637
87 50 4143
76 45 5425
363 161 6209
371 266 2812
198 132 5429
72 60 8528
331 269 5392
220 178 8976
331 173 5743
361 230 1313
348 278 1428
451 56 4579
249 58 4560
282 269 8614
417 325 8795
121 33 2505
84 47 5699
493 107 492
347 23 727
196 75 7139
428 405 735
356 57 688
279 248 8254
488 145 3700
488 110 7564
190 88 8564
344 46 2451
406 15 1651
498 208 3567
470 359 1356
493 77 4951
441 411 8116
330 318 4845
151 111 4481
227 96 8954
247 9 6687
499 216 2755
457 384 6326
319 129 4603
283 154 8485
319 13 4132
222 84 4186
270 132 796
134 92 8370
338 331 3682
220 16 4245
260 159 5646
380 21 3481
286 58 1699
227 7 6202
228 225 2050
349 179 684
410 317 1650
244 67 6350
457 383 9307
431 419 4386
451 379 7788
438 403 1756
468 383 812
391 64 4529
409 363 5028
191 149 8574
418 219 4888
348 307 7982
375 130 1902
399 242 402
363 273 8000
435 148 7518
209 93 5000
366 176 107
222 113 4649
414 191 6412
437 377 776
277 119 3496
155 134 4603
407 330 1134
411 130 9144
349 271 8177
273 57 7295
233 117 2335
451 102 7875
250 65 7261
491 125 8749
320 211 2963
393 380 1682
359 51 485
341 91 3339
371 296 7715
447 256 3016
488 7 4839
205 140 8831
351 114 3101
475 391 4913
429 153 7222
432 107 1691
224 5 3486
456 278 3600
136 61 9184
357 124 1122
427 146 7788
284 112 4772
413 259 2849
428 130 7167
395 373 7838
368 278 1425
255 59 3766
80 61 9298
468 107 9144
391 367 6333
259 87 5368
384 38 3614
335 116 4372
469 276 1689
419 147 8659
325 154 4002
473 342 5638
498 431 55
478 307 2565
404 215 3020
498 217 6470
351 273 8176
161 144 4283
132 22 6866
180 34 4439
169 30 403
495 363 2673
350 175 1166
397 202 4460
473 240 975
302 196 1097
176 10 8981
352 123 7364
129 116 3881
364 154 9024
392 99 9226
499 48 2135
306 186 9368
416 216 1211
366 261 2756
274 185 6288
74 51 8764
259 101 533
90 18 5393
330 144 4739
394 80 43
285 205 9341
453 99 6239
426 11 8280
500 121 9140
453 175 6459
264 163 4921
423 213 5162
358 216 8485
66 18 7666
292 248 3205
166 96 6224
288 10 6308
373 174 7013
108 32 6868
435 241 7623
476 373 3353
386 308 3848
257 60 1631
360 244 6870
381 55 9451
492 326 4071
436 361 1500
304 275 8258
497 480 4832
197 97 7916
468 49 4984
461 40 1293
358 330 7098
175 25 6632
255 13 753
365 239 7655
414 88 8156
367 189 8889
467 245 2645
380 309 963
427 100 2317
429 390 9106
324 273 3548
357 165 4108
279 45 5962
204 86 6178
314 219 4297
437 6 2347
432 64 7604
223 40 1705
420 359 2640
283 218 4702
172 47 4420
429 400 26
116 70 7227
290 104 1844
493 414 8025
369 165 4133
158 138 2069
456 384 7929
250 91 6060
401 135 1169
170 50 2481
342 201 8199
363 361 2672
344 163 230
353 53 290
464 102 8428
472 390 9609
274 241 4697
85 24 7140
460 76 1544
409 215 59
333 52 1061
331 77 4155
457 23 4548
462 187 71
473 291 4069
121 39 1899
117 96 2181
425 226 3043
314 113 3304
498 211 1862
53 32 3912
498 78 9889
437 139 6888
409 124 460
423 14 1481
66 53 3708
458 196 3585
301 99 3207
393 27 6620
354 31 8491
334 95 6575
375 261 3406
374 59 2568
165 98 5275
344 324 2430
382 23 7415
437 155 3301
310 4 2694
459 147 6849
472 354 1836
250 53 2449
353 91 2359
424 311 6039
430 411 3565
380 285 6548
302 204 8309
352 119 28
382 178 5063
488 29 7683
461 223 6836
341 39 8488
495 116 7797
106 45 5354
406 55 1143
205 142 1007
463 12 878
176 7 5552
302 55 9876
413 319 3523
301 107 4180
351 85 2134
456 353 3923
301 93 8574
222 86 4362
418 14 8497
208 130 8826
183 174 8998
480 406 560
493 40 7974
277 100 2082
496 173 8807
452 141 4849
244 190 639
255 239 4364
422 329 3803
411 243 6632
433 180 1200
235 68 2157
395 331 4481
462 126 5274
372 365 2572
230 47 59
382 7 9190
204 150 3878
479 52 9635
220 216 7314
230 171 8260
227 173 5098
453 227 1724
153 8 2016
489 131 7485
410 391 2528
176 171 2636
498 101 8042
320 3 220
428 418 7044
422 325 6427
416 374 7258
470 375 6384
325 254 5668
93 92 7424
411 339 4017
435 15 127
431 401 6990
117 105 2405
163 28 696
287 247 5878
461 143 6442
375 99 9441
392 78 3907
237 186 9078
297 38 8787
415 171 4685
371 100 4963
180 156 2458
201 51 7549
299 177 4236
128 34 7033
383 248 2186
489 226 4680
293 88 4294
401 225 7733
496 157 7335
490 67 5284
496 3 1750
431 288 952
419 325 4516
360 238 7659
468 97 7584
252 238 1743
175 23 3362
488 129 1979
346 92 3768
362 62 2277
357 96 2514
500 15 7697
472 252 1161
241 167 2235
330 246 8161
436 200 270
397 389 5036
390 42 8695
329 212 7961
366 43 5420
404 322 7922
407 204 2962
256 155 2116
111 43 6491
389 342 8473
219 65 4721
333 146 2087
177 13 6584
446 214 7723
181 87 430
408 367 9853
466 299 9046
473 26 7032
380 368 4459
266 91 52
202 24 7112
319 147 1497
205 35 869
347 22 3238
76 59 9212
411 349 3986
396 242 9542
485 229 9263
246 68 1871
464 116 5580
377 28 6540
404 315 976
353 321 4731
28 27 344
188 18 3723
171 2 117
256 163 5887
451 120 5701
289 147 6200
214 70 9989
371 283 4500
207 117 2203
380 221 2184
388 181 3299
421 269 848
300 127 424
443 188 5954
428 121 9597
297 113 702
434 371 5907
169 90 9656
149 93 8606
330 269 6566
434 133 1214
227 144 8573
457 119 7931
99 46 3138
496 267 521
490 62 6109
459 98 2540
306 226 3729
224 67 4403
145 45 262
130 36 7162
455 239 6310
498 344 2599
372 69 9436
348 255 4253
387 21 2667
238 99 6731
452 314 6572
446 434 7477
487 353 4619
458 119 2037
453 18 4735
146 28 1300
453 355 9935
392 157 3391
395 332 4992
445 332 8390
296 292 439
419 182 1282
289 269 6013
86 20 9314
162 40 8216
321 141 6708
262 116 8926
123 77 7535
373 193 5184
305 57 446
320 248 3114
304 56 4544
453 29 9709
413 261 5339
460 222 7013
481 467 1782
490 51 6946
408 377 2076
60 44 5918
279 176 2320
199 108 9232
487 247 1398
459 202 1680
392 352 7251
411 17 5675
413 210 4231
347 182 4187
374 157 1705
250 18 269
380 17 810
368 360 4574
229 71 4148
374 180 7280
438 88 4657
395 58 7349
424 162 3172
283 149 3120
297 120 7714
479 103 6384
421 169 5740
392 276 7773
265 45 659
49 21 843
498 257 7757
371 310 5501
259 15 1998
377 331 7159
341 312 7483
399 36 1713
344 168 2032
226 212 8445
289 102 6165
346 242 6143
380 369 1001
339 291 348
496 356 5342
485 425 2836
320 26 1580
381 233 5081
303 110 8670
437 195 9649
410 196 448
243 113 9486
408 57 3938
480 321 4079
392 215 1453
305 134 7125
199 9 412
469 120 5649
411 2 8516
325 250 308
433 286 3525
492 305 176
393 375 8702
216 133 1790
346 196 5319
420 187 6262
226 65 1899
391 146 644
209 41 1810
383 249 9766
489 222 4400
467 356 7673
150 115 6919
239 79 4606
376 239 6315
227 143 7828
85 54 8108
484 186 3186
349 287 9156
423 45 2085
261 99 1822
314 211 3708
321 121 6298
114 64 5074
278 180 8991
279 81 3866
263 74 1873
464 183 5410
431 77 9502
480 223 6535
455 275 886
388 172 7444
490 147 5587
237 209 1587
420 232 3074
193 77 3654
475 405 9070
225 114 2710
394 36 7742
339 247 3365
434 99 1326
206 69 5565
276 150 8515
268 145 2925
397 95 7991
86 2 2081
57 50 1352
209 198 5794
273 89 7021
389 108 1551
448 310 4630
300 172 8425
437 205 7222
207 111 1034
341 337 7562
330 75 8222
389 203 64
480 392 8346
457 344 1102
96 83 2300
328 170 7373
388 27 695
192 101 2698
255 242 5163
376 327 1069
358 304 7911
165 99 3551
424 128 3479
261 3 4661
198 51 6578
401 344 2542
442 407 2731
113 90 6604
96 59 3889
349 282 2779
430 271 2125
364 102 5786
281 204 5166
463 338 8390
208 32 2144
161 3 1846
440 21 7552
222 29 2889
406 315 4800
354 237 6192
61 60 7522
411 163 9103
187 95 1773
195 45 3310
390 268 3188
420 141 5290
312 166 6818
387 303 2848
179 122 7666
475 118 3592
359 20 3780
367 242 6595
412 2 5841
190 160 4829
483 414 6778
468 445 9721
465 7 5177
225 103 4836
199 67 5859
291 240 6313
158 87 899
401 106 3315
206 171 2013
269 77 8515
375 315 340
280 271 9844
70 58 1433
47 36 6150
143 3 2188
460 201 2607
399 79 9634
309 217 6843
438 347 8129
500 87 6753
455 439 4250
382 342 3773
394 136 3663
21 17 6214
262 40 1730
399 114 5423
109 107 5103
497 253 7560
431 182 7675
461 185 6745
458 165 7288
382 64 1343
380 127 6362
492 377 4494
393 381 8806
353 20 3963
456 315 2595
460 60 4046
467 126 6650
74 18 9421
269 213 3855
493 350 298
154 54 7969
236 164 5974
432 257 4669
196 121 7636
139 10 1241
178 92 5372
453 179 5753
419 201 8749
485 417 2895
299 188 7280
384 342 6122
394 76 2230
155 38 1366
396 226 7466
492 108 8416
396 263 6903
460 196 2698
335 141 2587
215 119 4278
348 233 8623
386 292 17
434 309 2603
317 281 1070
390 196 9999
208 4 6515
84 38 4316
176 156 9811
385 133 379
405 298 5492
489 397 6653
350 16 2089
316 191 6703
174 25 7515
173 118 2943
477 95 2171
349 189 8705
445 131 2066
274 267 5377
284 137 985
302 214 8158
277 194 4824
146 26 8913
142 77 7672
212 196 7059
267 33 4180
356 43 3948
297 257 6084
435 375 9826
460 204 7060
432 1 5874
430 38 2117
425 292 8598
480 43 8343
433 354 6680
235 135 5805
408 126 4743
460 299 9536
434 346 1210
34 10 347
491 389 7320
250 37 3572
366 14 9049
405 131 2284
477 156 3437
497 79 596
439 102 9337
85 28 8019
395 74 5561
412 208 9191
291 20 5397
187 36 2345
240 149 6682
358 267 7826
91 48 376
429 354 6030
439 393 4806
120 109 9230
209 173 2042
494 25 3668
138 124 6029
207 114 3598
339 103 2610
364 327 8783
425 310 6776
366 223 1366
415 350 392
471 125 1
436 244 2084
486 311 8879
399 131 4709
468 11 3264
98 23 2296
278 183 4722
162 11 2600
363 182 6791
308 244 2775
381 373 1276
280 214 564
441 393 2968
326 244 9671
373 344 1417
406 127 6540
438 246 604
315 4 6355
475 82 160
415 347 2755
148 63 9717
478 454 2052
440 140 5583
358 37 3173
146 136 1944
498 424 9333
171 56 7771
420 17 3453
458 385 1853
181 78 8805
412 123 5312
329 92 7267
252 22 5084
116 92 6107
449 161 5238
266 247 9392
435 237 6591
368 10 2033
237 60 3044
476 6 1572
448 320 3769
383 366 643
260 101 8657
147 75 7481
459 231 237
307 306 9793
96 28 4180
422 140 5330
460 329 8642
351 302 632
402 186 7849
266 248 7040
399 295 4062
425 213 8346
354 182 6175
470 84 8110
230 44 1028
434 427 6710
338 94 8417
439 369 8957
461 52 9455
463 9 7590
248 52 9185
375 288 8668
238 77 9571
486 95 8322
392 347 3051
398 62 5439
432 284 8864
486 102 3639
380 230 1239
347 310 359
327 138 5717
319 3 7425
401 120 9861
259 54 5395
239 100 8655
129 11 4442
433 11 3981
411 1 1719
321 139 3084
326 221 899
247 126 6238
476 442 1872
340 172 9591
400 83 187
324 209 1794
243 123 30
97 49 2701
400 49 2841
216 153 4604
490 244 4212
265 171 2247
428 361 1880
248 126 7902
477 59 8437
497 302 6913
375 345 4648
392 173 1594
180 149 3881
116 29 3610
482 472 5689
156 116 8855
493 483 8472
454 149 6417
10 4 4725
135 70 7406
79 67 6706
231 112 6944
257 250 6888
371 181 1857
357 218 8379
442 151 232
314 168 1250
487 303 438
397 82 2828
159 5 1720
397 183 3838
274 55 7206
442 237 8148
487 445 8206
218 150 6831
334 302 9212
297 73 8888
468 457 9344
420 269 2285
362 271 153
481 473 2271
419 313 2186
318 175 4097
434 325 9637
446 421 4248
178 32 2953
389 7 4212
323 301 8747
358 258 9739
159 107 5971
147 3 3553
134 107 5001
497 263 2718
365 308 8352
186 113 4888
343 85 4545
426 373 6842
265 16 3306
100 65 9049
314 195 1000
468 462 8073
214 202 1741
452 416 3111
364 219 6824
320 178 1692
499 215 1473
428 214 7245
408 146 1984
446 367 4356
489 469 1259
320 256 9239
348 173 2848
341 102 8425
379 97 7544
155 93 331
455 355 9931
365 347 391
180 111 3753
143 84 9548
408 123 4269
475 63 8505
272 195 9263
256 131 2202
440 190 6625
487 461 2278
482 127 6793
399 250 3196
352 134 2001
448 10 9920
483 369 6276
425 137 1578
111 92 4246
343 177 0
284 188 2093
119 108 5900
163 47 9720
339 227 7567
366 262 4060
254 118 2926
322 83 5926
461 79 642
424 44 9233
289 70 6584
237 63 8959
415 179 5095
365 253 8628
321 22 5418
240 23 7959
451 288 1197
371 261 775
288 244 617
367 114 7462
417 2 2322
354 6 1060
209 122 770
46 41 5888
424 245 4550
388 166 177
447 265 1309
306 177 1192
489 284 4735
222 54 2429
356 139 7538
471 329 4562
243 79 5849
490 169 9304
180 102 8643
480 19 5649
272 242 9234
305 152 7851
227 148 5788
226 205 6825
487 89 3600
391 351 5328
455 164 6101
370 227 5589
298 97 8304
329 86 6872
471 113 5134
316 315 4646
440 218 2106
36 21 7559
400 130 3916
108 92 8971
215 95 4348
292 110 7339
391 246 721
419 142 1557
440 341 6913
274 199 937
360 97 4219
468 434 5355
287 58 4426
263 87 7217
469 284 621
450 140 525
256 160 4213
437 276 7063
390 93 9702
385 208 6812
195 79 3937
488 341 1682
269 78 2648
354 298 7075
404 389 4568
228 24 2688
311 292 4289
457 404 9417
205 201 310
416 369 5993
340 321 1073
496 452 3535
411 52 8919
227 23 6296
375 348 2768
298 134 1706
269 165 8909
490 438 8283
297 134 3408
398 69 6538
333 202 8947
497 183 4883
81 18 8292
256 40 4348
123 30 6610
421 66 5005
363 320 7074
347 41 7693
299 171 5169
177 114 1658
392 219 1388
127 87 6000
492 302 7636
175 73 6801
405 275 5705
407 282 9089
65 25 3528
205 112 3248
475 100 7962
496 458 5339
449 355 5427
424 301 4714
251 173 7614
434 347 7436
368 100 8995
479 159 2117
163 64 2044
490 316 4646
125 85 5333
134 87 7582
179 175 9694
377 104 9265
439 72 7810
449 386 1398
196 105 1050
199 58 7279
233 33 4525
116 13 8927
170 147 5656
470 212 530
145 13 3353
369 21 6131
477 364 6033
401 326 8274
500 163 4213
267 204 7605
490 471 8035
396 375 4874
232 1 4741
412 374 7770
236 231 5547
307 42 309
476 221 5078
383 284 8221
390 243 873
271 22 4308
290 283 3076
348 142 6507
114 98 9841
329 16 2877
414 370 4066
58 7 3568
242 207 7254
307 108 2606
356 148 5193
482 416 6423
331 260 2595
446 205 9028
336 46 7218
492 209 773
168 105 1797
346 100 9031
238 92 7289
167 124 3024
448 365 6096
422 95 4894
466 166 8578
343 167 2835
304 90 6478
303 104 8445
498 160 3575
228 113 9674
329 185 1187
436 392 7678
385 64 6377
321 76 2088
475 220 8110
417 331 2166
220 213 2666
431 208 5028
197 42 216
339 295 5224
472 22 8187
403 388 2362
321 166 3822
227 72 4736
373 23 2221
409 404 2419
347 238 8667
499 493 4725
404 142 1898
481 43 5183
306 190 5014
272 122 3310
406 125 3431
111 101 829
430 296 2950
330 37 4722
94 52 5552
476 353 2556
473 91 2422
303 144 3460
486 141 5500
298 176 1644
316 174 5867
320 85 865
429 248 3036
490 70 7535
383 110 8398
87 31 5716
423 204 5038
449 26 8859
433 109 9723
359 337 8013
477 186 3231
410 211 9947
178 126 9147
376 281 7757
379 98 4608
264 144 5048
218 64 7298
311 144 15
453 201 9391
474 23 3856
254 110 460
456 35 9987
92 4 283
