700 7000 1 292
634 311 1065
380 296 5802
209 179 2158
528 110 4691
636 176 6215
610 64 1582
374 147 6442
311 99 6958
144 104 4422
632 62 8574
364 275 6012
500 333 3720
387 265 6247
567 530 4268
436 22 4764
390 295 2168
559 418 1112
404 5 1726
68 19 71
622 533 4021
659 62 7753
223 183 346
515 419 5135
654 382 320
586 542 8568
458 56 457
462 136 57
642 186 3311
648 396 145
542 69 7638
421 287 7928
282 221 7311
653 100 4831
647 235 3365
521 8 6616
518 88 1533
338 186 9621
287 198 4941
226 49 9383
71 1 9815
404 94 7922
360 248 39
556 215 2119
491 322 7356
298 9 8887
461 117 7963
362 222 8039
445 50 2258
580 415 3330
355 218 6647
181 21 7877
427 333 5433
111 3 9193
630 243 7474
616 548 6754
633 198 5742
635 164 2609
196 11 1010
476 142 2096
578 144 5345
264 142 360
257 231 7150
105 31 981
608 442 9778
548 100 5020
145 142 3151
508 134 87
607 372 5112
522 340 1140
345 280 9202
679 1 2061
529 321 560
471 268 5960
547 337 6548
430 98 9833
94 88 6322
459 58 2508
532 224 4456
669 166 4695
641 52 4773
279 222 9687
665 549 1749
507 276 9195
273 7 6206
268 188 8574
591 322 2390
609 241 7878
400 84 8340
487 288 9682
528 345 2513
286 19 9332
635 370 2122
134 113 179
544 389 5463
478 342 1499
519 138 3891
448 33 3812
700 198 7069
507 238 8956
244 220 8505
169 41 4403
407 124 8341
676 591 6745
452 295 2002
564 529 6673
469 351 4602
425 121 8878
410 136 1658
578 109 7014
462 278 9434
300 80 9589
661 439 3310
600 370 7976
676 519 7449
438 422 2697
511 182 2265
383 228 5478
620 239 6392
84 27 9941
204 101 7899
305 302 7453
443 166 2688
548 170 8078
491 246 9429
616 150 1200
664 479 1189
464 335 1681
405 350 933
395 92 5028
605 182 5826
279 91 704
476 222 9155
159 41 6521
488 262 8157
525 107 6531
613 432 2113
405 301 1718
428 332 5373
353 283 2456
546 150 1902
671 563 2279
120 96 8444
572 186 2866
609 25 7196
458 330 5145
668 523 909
402 367 499
418 140 7859
254 101 1441
645 554 9349
597 483 4765
513 361 6097
532 326 1182
636 374 7640
324 147 1842
388 78 8704
523 317 7801
600 582 6217
515 204 1847
453 445 127
371 355 7350
453 199 2470
679 326 3614
612 312 8304
142 50 7244
84 13 8974
271 239 5044
563 123 9387
640 290 1465
640 197 8115
206 79 2584
234 110 722
292 251 7848
396 311 5667
443 316 7636
567 172 4278
185 182 9599
511 267 852
667 573 384
585 401 4097
461 295 173
543 331 8962
364 122 9685
485 239 9876
535 61 9231
639 452 9482
444 191 6494
680 133 7433
595 141 8961
531 398 1321
457 181 6198
646 255 7883
394 175 3498
265 4 1285
202 43 9639
595 272 8038
247 26 2239
473 450 3672
368 190 318
256 171 1125
323 252 2495
625 447 9237
229 67 4869
412 104 1254
696 342 7445
326 180 1134
611 608 4241
647 467 576
582 268 1849
319 208 4281
250 221 9658
463 344 5670
621 44 6802
398 317 9654
661 281 3784
541 131 9065
23 13 9536
428 69 3524
310 88 6332
288 153 3159
257 14 2691
467 337 1212
690 653 8695
595 531 7048
446 129 3481
645 6 9821
629 558 378
659 60 3863
641 49 6945
83 13 2531
508 284 1751
679 508 5803
384 314 270
434 370 4657
541 159 8395
521 266 807
504 111 6427
110 93 6378
512 187 623
552 93 2931
662 221 7601
576 186 9996
483 231 5297
637 90 6498
462 118 8900
496 422 701
337 104 8685
459 17 1662
665 534 8160
57 4 8713
545 155 8072
542 265 4300
322 290 7441
654 565 5944
690 558 36
687 208 4497
603 190 6627
43 17 3774
561 118 2981
535 514 3965
239 197 566
499 481 7903
673 597 8662
678 387 8233
657 599 766
517 371 3891
501 284 2511
158 24 4032
690 544 6448
402 389 3815
663 201 6556
449 373 8854
545 375 8419
541 371 430
427 138 669
511 365 3167
512 23 3427
651 169 8252
480 5 8207
285 245 4797
564 245 8944
279 172 5617
299 94 9710
492 376 6540
681 415 9336
541 38 9608
686 540 5125
320 168 9825
467 374 3049
360 29 2143
562 95 6524
334 79 9082
614 9 5474
236 161 3905
305 133 8244
468 272 1686
693 26 3008
412 379 6834
530 64 288
663 202 3197
596 167 2427
542 72 6318
394 361 5791
677 518 702
477 377 6991
527 2 7205
525 265 5879
132 97 1161
402 126 6842
624 501 5994
550 385 9078
508 192 2915
642 583 8363
543 175 7750
424 175 986
455 278 408
621 487 5569
522 111 7014
589 532 835
540 348 9794
674 593 5008
565 375 1297
641 114 1389
597 183 5959
323 225 3514
282 233 2771
608 141 1954
677 326 3210
669 328 4352
361 160 7989
269 12 617
417 187 3034
581 341 2487
615 14 5813
676 162 2826
495 214 2633
399 279 6310
485 358 3514
617 394 6260
480 281 8870
290 96 4845
506 152 845
400 294 5339
497 33 4686
538 439 5933
195 154 3077
131 46 9942
436 317 9478
321 154 1752
389 156 2022
603 227 2509
420 366 83
483 160 3140
580 210 7338
507 76 2952
240 149 7824
227 202 9544
322 200 8714
170 40 1893
506 354 8881
433 116 6010
606 520 8648
563 514 8925
554 53 6609
640 250 5407
376 2 3787
543 52 4234
272 86 7242
522 53 8839
279 246 6617
680 225 9322
370 367 1588
498 446 3874
591 5 3901
289 266 7096
256 203 7199
402 315 6616
628 311 320
288 81 8825
275 237 6531
654 327 5803
682 244 5031
433 163 2021
568 21 457
563 430 5455
656 539 9611
287 240 1123
226 123 4376
492 334 5861
668 493 5961
294 125 754
237 96 3266
504 25 5243
699 424 7378
592 540 9249
623 283 6668
262 36 5476
442 410 9827
551 105 3465
253 223 1870
483 228 916
640 325 4910
415 408 865
289 89 1825
654 303 8791
501 333 3619
575 523 1030
610 265 1904
358 251 5664
361 239 4371
500 325 1793
646 490 5370
563 465 7686
546 435 7392
696 442 7104
469 396 3581
614 515 7687
506 427 5605
276 218 7999
98 38 9735
262 235 3297
542 271 1365
651 135 7941
700 410 5307
391 162 5788
650 248 1902
344 238 3007
178 170 8285
316 135 7656
418 344 4399
437 265 2661
441 190 1943
688 630 4638
682 215 6210
695 639 9519
393 97 75
250 95 6207
398 298 8940
380 145 3751
624 109 3768
540 48 9536
403 171 5660
275 87 830
468 147 3560
389 123 9759
598 354 5647
392 382 9880
596 585 6824
557 148 7258
290 246 5949
692 508 3596
156 120 2955
475 165 9926
592 505 6417
613 310 8872
666 280 1499
506 447 3460
586 466 5783
589 120 7342
655 144 9469
171 85 6469
584 168 1577
487 446 1858
623 15 3259
266 61 1605
531 15 7222
691 684 504
577 32 6733
645 17 1632
466 121 7656
513 124 8230
456 452 2699
698 639 6896
564 265 7231
355 145 8609
536 195 8821
497 48 6861
389 142 1479
201 151 4897
475 191 705
71 36 6302
532 348 226
597 436 2192
550 247 3737
479 47 474
624 569 166
668 577 6396
257 58 3777
348 196 4902
661 278 5547
492 486 8881
464 213 5243
570 502 5894
680 666 9775
445 222 7983
648 454 9142
298 129 6514
575 520 3396
464 232 2095
610 388 2161
326 199 9554
343 328 2887
604 58 2159
517 311 769
679 233 924
469 35 7425
669 614 3904
674 264 2275
208 127 1692
642 339 5616
610 276 323
445 442 43
310 113 1071
649 469 49
676 527 4753
582 452 7228
616 502 4727
507 417 7272
500 204 1301
653 458 998
634 1 4715
329 81 4012
517 233 8574
676 362 8981
610 281 3268
540 59 678
594 124 767
383 362 5058
336 185 1584
602 299 5606
469 260 3860
285 239 3448
658 301 533
671 405 3029
572 74 2810
379 361 9448
680 525 2901
308 71 867
534 411 1486
625 460 2867
613 281 9929
472 373 810
161 36 4318
700 210 6928
579 456 9196
304 9 5704
87 2 2849
54 38 883
689 688 504
354 201 3186
687 516 6275
619 613 5772
520 319 1563
634 26 1856
436 16 2025
458 51 743
643 360 5326
60 35 106
642 78 5519
292 182 5012
594 154 5230
488 236 1469
374 38 7389
509 242 5947
215 55 9158
418 13 533
503 293 4750
193 150 4186
432 67 1828
427 177 9474
632 115 6393
208 156 6325
657 159 6740
645 586 2488
651 164 5827
480 214 8592
283 35 6816
596 436 7514
698 540 6640
212 145 7821
439 376 2967
558 117 4285
298 102 2209
364 185 8720
310 27 8930
653 27 1800
462 80 9789
513 12 5909
356 326 7532
654 376 5462
659 53 6249
448 134 3234
592 158 2666
499 197 909
486 319 6881
232 71 6065
531 129 9164
283 267 5349
343 31 4698
666 588 8834
358 325 2934
159 9 5033
154 66 7227
592 332 4017
175 105 7867
697 255 1433
442 81 2779
501 267 7398
405 73 6115
501 430 7159
174 30 4971
571 329 3725
266 171 5082
627 441 7130
691 478 2797
287 115 6116
533 390 4469
356 348 7913
523 44 2870
338 124 2444
660 154 8206
434 404 8188
528 220 1714
488 277 5789
390 296 1679
526 376 8621
299 266 8531
276 226 6345
477 429 8706
440 127 5026
464 75 5844
405 166 7981
262 42 4228
552 211 2227
663 38 2538
532 365 6795
330 21 8152
97 71 5208
194 173 5310
557 90 8784
540 89 3676
656 71 5526
380 168 3455
509 160 2497
361 130 9739
148 1 690
656 587 5354
193 100 8059
286 37 2548
688 506 7284
292 36 4772
687 397 5045
461 102 8204
460 214 5186
572 559 3087
652 125 9445
467 379 5824
385 58 7034
340 151 2615
586 66 5948
632 601 7780
542 540 6650
424 248 6468
469 77 6939
418 321 1218
628 480 8064
281 254 2085
595 500 5681
691 408 4963
598 304 6617
301 18 7362
445 151 8458
241 135 4932
480 271 7103
639 328 4784
671 71 3680
362 97 2705
400 351 8302
471 12 9789
129 65 538
350 250 3291
237 188 1015
698 564 7284
300 89 8657
77 51 7299
587 208 8811
695 109 8965
522 225 2462
465 39 3309
307 23 1822
592 103 3538
477 40 2932
664 272 5859
680 276 3576
685 60 1568
591 179 5276
386 32 8734
279 268 6105
546 80 4839
447 330 1809
560 526 5097
585 307 5459
672 536 7076
417 279 8993
260 37 1845
531 316 3529
276 203 1004
280 45 9575
669 306 7807
493 94 4635
533 233 4756
431 45 868
385 307 5205
474 158 7226
490 422 8863
638 369 5481
309 292 3855
687 369 4617
639 448 668
385 27 6287
561 274 6183
546 283 9223
437 181 8430
394 230 7436
626 399 1968
75 73 1335
539 385 2376
696 113 8159
673 507 8891
332 292 5874
629 570 872
587 543 7018
184 12 3193
508 501 139
535 532 8019
686 430 7296
663 385 8986
598 136 1000
663 216 7218
504 494 3184
532 164 9570
244 1 2609
521 518 2867
461 341 184
513 381 7665
525 242 9070
643 18 2639
606 392 2347
622 254 7227
669 658 931
275 84 8807
673 126 3453
393 375 5822
514 388 5392
146 51 3701
216 133 1884
638 495 3651
634 271 4659
484 460 8264
294 243 5460
118 67 4502
559 453 8614
666 441 7782
573 121 4866
317 314 8519
415 23 2215
343 140 8822
530 31 6997
305 245 9337
585 337 1684
690 219 501
567 112 6070
610 196 4505
413 412 498
91 61 6450
670 479 3277
325 162 966
615 67 907
407 217 5936
30 24 6734
610 513 5411
607 223 4163
530 217 2167
679 109 680
179 110 3008
577 297 1082
527 155 297
171 137 5070
590 190 2896
641 100 3235
630 474 9086
597 198 9175
616 249 8402
52 12 9092
485 421 9328
419 184 6756
506 406 598
453 292 6518
236 121 7158
578 235 8014
672 253 6635
597 187 6779
407 274 7760
399 243 3832
672 40 4932
521 138 4936
381 205 3507
671 593 7724
626 7 4286
634 284 8233
597 251 6089
184 23 6543
609 255 2124
449 172 3560
548 77 7533
635 300 6127
321 31 4026
333 69 9549
296 265 8303
536 450 3029
317 215 4710
170 94 7582
539 509 349
650 631 2265
488 190 8288
480 310 5252
573 1 8162
651 190 7397
604 53 4159
638 570 1237
333 325 5134
494 31 6193
639 154 5045
332 274 1559
588 199 2716
563 416 5807
144 45 8064
439 125 5744
549 132 872
681 613 5027
629 576 4055
656 314 3228
473 49 4818
556 164 357
470 52 5889
671 543 3940
586 304 2586
336 282 4625
430 409 2025
348 141 3620
373 287 7733
497 373 18
345 150 6422
522 138 1201
653 30 9443
506 32 8770
665 558 2467
589 42 6629
463 354 5048
618 593 5319
406 252 4424
246 59 184
399 214 143
547 283 9824
404 318 7432
606 469 7971
470 151 2583
178 109 9496
696 268 1837
514 115 1635
530 526 2063
495 61 2777
499 224 9870
693 604 9857
644 338 5784
395 121 3988
611 544 5874
394 27 2513
667 431 5606
355 266 8477
439 51 7675
405 159 6097
662 462 1001
605 500 7359
377 120 7449
614 536 7286
660 198 1372
698 388 553
543 119 7705
630 192 4911
554 238 4149
56 22 6106
211 144 9787
669 515 7489
257 94 4856
571 43 2714
518 458 6188
336 34 2050
346 126 9381
288 54 7521
686 348 7450
627 388 9413
363 44 3560
486 333 6044
617 411 6328
439 339 7171
546 526 2217
254 192 1379
557 345 5260
669 616 5739
523 328 9637
307 257 8449
531 511 6004
436 420 1421
389 50 3496
410 345 5157
545 359 3347
574 248 5601
505 234 3651
457 386 4685
486 31 8806
565 431 8301
521 191 744
443 148 4333
650 551 5313
532 528 7784
668 418 9486
203 152 8649
626 217 8425
507 342 7183
603 200 332
394 235 8137
668 284 6646
593 320 6765
462 47 5577
575 428 5879
575 82 8148
630 424 8326
395 306 1628
614 399 3715
114 28 9068
378 218 4498
646 620 7504
666 218 5105
521 383 5198
124 115 5353
368 362 7912
595 154 2687
538 187 9736
188 87 4678
519 67 9528
296 243 878
283 86 2061
677 560 2500
676 411 8479
372 95 7443
596 497 3327
428 308 2577
434 344 4484
502 147 6520
252 152 7125
430 387 9634
449 167 790
525 360 6386
608 506 7354
256 214 1238
446 411 9776
435 393 790
681 290 2597
661 257 149
641 113 3379
525 366 3648
289 204 6431
460 451 1437
490 408 3561
619 218 3758
513 219 4182
621 71 26
564 316 359
415 71 7317
617 104 1276
63 41 7444
553 144 7367
319 95 4081
621 76 1723
677 584 800
547 369 2523
360 312 5092
466 233 730
410 303 2926
570 365 6211
471 418 9975
332 82 4291
631 192 8390
626 8 8218
365 169 9426
687 627 7125
423 268 1555
466 392 5553
680 246 2494
497 228 3642
669 238 7495
438 250 2521
563 409 1085
424 235 5840
551 128 3111
590 57 3577
641 528 9073
561 361 5186
666 256 8516
469 291 5868
522 226 5585
563 548 3926
662 201 4482
606 339 8679
392 135 607
119 33 494
307 196 400
313 244 6300
288 8 1358
662 394 7629
637 334 2501
481 11 2084
428 243 8926
669 623 866
232 158 3364
589 289 4862
593 147 1976
692 348 1011
357 124 1672
425 311 4756
487 469 2139
608 282 163
421 115 7680
426 300 2979
347 345 3327
507 482 4124
401 296 472
678 257 7212
372 368 8567
335 71 82
335 153 9726
185 78 5663
277 26 4121
529 329 3476
545 132 1332
699 634 3666
573 536 3525
452 369 5861
42 40 1205
448 141 2467
668 109 4519
678 155 9929
242 227 5838
641 74 9351
539 318 2033
249 36 3675
243 147 1160
519 287 4023
492 482 7050
454 189 7352
573 403 7095
664 508 5890
452 312 4788
515 264 902
673 100 7132
594 566 7152
443 77 1047
308 130 2651
632 611 2088
388 300 395
384 316 3906
584 78 1481
609 99 3524
524 150 213
191 52 5165
158 64 4928
572 266 4659
660 474 6694
185 71 8721
214 141 2103
422 126 3682
546 542 279
589 183 1941
426 208 5764
288 236 6720
256 177 2485
413 44 5170
411 75 28
475 324 3155
329 74 1876
251 84 8812
226 34 7969
404 35 5953
361 172 7150
122 59 1880
689 428 1478
688 446 8272
272 107 3586
520 162 937
651 3 8478
557 522 9484
388 385 3258
316 39 9548
347 125 4044
339 101 724
399 168 9521
257 114 7931
587 408 3516
504 205 9933
685 335 2807
623 105 1409
571 136 3744
568 467 9930
193 175 2673
607 204 7656
550 9 2274
319 276 8678
364 279 8461
523 322 7634
594 235 4589
678 401 7406
337 55 3120
519 70 1568
618 302 6424
475 156 28
571 63 5571
423 44 6930
549 163 8488
297 236 9991
209 148 6358
262 136 2915
693 230 8799
431 11 4536
503 231 474
675 223 7875
142 70 2265
650 309 4227
595 84 5031
589 516 3205
549 383 3677
640 66 3300
308 196 4425
363 30 5869
98 39 2241
552 373 1739
636 343 5957
488 406 2713
611 448 71
646 178 8223
654 466 9557
664 89 14
582 363 6597
357 326 6333
481 414 4909
484 48 3836
292 138 9688
495 128 3686
153 59 3895
416 87 8633
657 364 9358
561 271 116
589 129 8298
517 40 8252
311 157 4337
92 43 1956
550 95 796
453 431 5564
666 444 6397
458 19 716
523 468 8768
533 217 6330
626 168 1612
614 553 1014
494 36 7773
333 148 8242
652 122 8537
686 116 2036
678 550 5282
605 478 6466
627 529 856
632 376 7118
388 125 7290
661 259 4453
321 73 2964
257 216 5351
315 180 4581
405 197 8556
692 95 3506
512 471 9061
230 71 8100
699 78 9032
654 581 7323
679 188 6536
233 110 1810
264 63 5005
206 175 8956
332 38 9907
250 59 6021
441 277 4959
547 319 6511
482 380 3828
337 20 1981
585 122 8703
383 146 9359
699 327 3268
624 172 9220
154 132 9552
481 473 5776
662 198 4960
423 233 3355
305 255 2669
399 59 8057
534 202 6053
211 176 6182
565 58 4452
580 501 9336
536 529 3339
310 127 2564
672 382 9379
681 441 2791
314 114 2731
659 430 8821
558 543 2228
571 30 42
477 440 5857
465 10 6767
696 238 1789
616 104 9273
681 484 1569
648 405 8655
549 301 2091
647 140 7195
477 158 1952
668 169 1619
564 262 9681
411 334 112
637 378 7981
424 32 8263
423 194 8373
472 93 6757
77 8 8960
634 516 6266
326 4 531
223 80 667
620 300 2553
205 65 7010
382 288 3622
439 314 9546
666 633 6643
386 311 586
569 58 7615
659 155 2022
506 95 2609
441 28 2545
461 248 1820
293 261 2224
489 326 2160
491 217 7494
589 67 586
457 435 552
358 84 5302
571 81 646
365 192 1501
331 156 5055
457 288 9427
612 442 270
215 197 9846
675 434 9032
688 15 9926
357 80 4444
683 600 420
236 18 426
98 10 6560
311 236 8152
354 127 3709
451 99 4845
177 132 8949
692 651 2007
116 34 6595
577 335 5973
384 208 4649
386 159 6220
566 18 4362
518 65 345
629 466 6098
658 270 1517
647 175 6353
467 444 1354
245 122 3379
575 57 149
414 71 6910
564 383 132
533 434 9005
239 184 8355
456 250 2746
99 78 4111
694 203 2374
370 8 6829
675 165 2756
425 190 1234
696 639 1169
535 135 1506
439 349 5976
470 314 6990
361 236 1211
586 324 6495
373 172 5769
399 79 7079
129 12 7248
613 188 4897
302 135 1783
191 10 6511
343 321 3789
550 161 1262
429 364 5018
398 14 7030
22 10 8720
578 44 9973
486 200 1171
99 86 6769
574 68 2069
454 309 1310
462 333 9402
465 395 1808
549 140 9934
550 413 9414
700 667 9012
230 39 8773
565 451 128
526 394 2957
633 136 2097
353 273 3352
529 261 7582
505 87 62
380 232 8949
535 136 2397
684 596 1504
659 361 6882
679 424 4102
601 122 3709
318 272 7728
614 80 9654
552 101 6265
160 68 2209
419 194 3027
366 232 3390
529 372 1927
252 60 7070
631 156 7476
596 6 23
493 268 3827
288 125 9361
310 24 4807
514 375 8720
481 50 1804
692 90 7051
401 41 565
483 436 6748
531 399 2923
321 270 3667
678 265 3706
317 154 7917
168 118 6537
279 194 6266
471 96 5267
650 389 4479
615 269 1700
642 407 569
468 435 9223
550 100 6899
436 305 5339
145 69 6390
50 1 6977
491 170 9071
391 189 2968
199 155 6519
467 137 3570
612 389 4887
672 236 2839
688 318 2882
511 300 3482
207 202 2888
144 73 2102
147 94 8999
619 386 4288
601 214 3355
396 349 596
641 179 8491
494 232 3865
355 58 2333
597 55 7872
438 333 1096
566 321 671
441 210 171
609 605 9878
429 408 9196
643 120 6481
477 118 4225
371 181 4066
438 367 8601
664 142 7723
316 215 8261
366 111 6276
275 55 6578
199 128 2208
195 10 5037
465 105 2688
658 118 3102
530 499 8996
577 465 4475
167 85 2080
536 281 769
612 290 3026
538 121 8860
514 16 1927
543 8 9517
588 28 4519
492 290 747
674 59 6682
636 432 4788
480 141 5310
474 289 7119
577 371 1778
418 79 3405
486 25 9269
161 29 1823
361 248 9560
579 282 8671
657 125 1571
699 143 4992
648 334 6234
428 154 4015
638 181 3946
374 173 2718
606 230 4396
585 239 8428
297 232 6381
565 95 9141
476 14 187
603 126 3640
507 299 5967
656 144 7538
397 147 7381
521 285 4250
304 126 5744
224 129 6891
259 134 4544
552 104 1974
164 146 3565
177 134 2707
679 360 4627
392 168 1103
586 457 60
596 379 2911
695 337 2084
575 53 4783
322 67 8612
261 152 5081
395 249 9685
502 315 798
664 133 5466
463 229 9171
460 413 9822
615 200 5815
407 83 9899
381 175 3901
451 281 7122
412 187 3627
113 25 6544
521 289 3618
65 7 9434
614 40 3120
124 107 9214
639 560 2655
666 390 7438
303 122 4431
477 235 901
298 280 9402
611 74 7000
673 11 4997
594 220 2631
462 340 1736
511 330 6092
700 488 2012
244 48 4486
647 257 213
649 523 897
151 18 9337
675 465 7004
641 549 5138
461 331 3018
397 299 8739
561 70 2711
698 113 1409
232 99 4681
450 37 6186
280 164 9718
549 106 8898
282 238 3791
677 436 7472
253 45 2360
257 175 3943
693 97 3560
517 314 4121
529 126 4446
113 31 8491
583 527 9131
653 144 9388
583 554 8054
77 76 1684
44 40 3117
558 42 6153
313 4 2913
506 58 5386
678 476 338
641 71 379
658 492 6649
461 8 5944
606 48 321
613 323 3902
351 299 9112
357 162 9136
665 328 2180
646 181 520
620 438 6709
317 24 5828
262 181 8233
516 54 3781
618 447 2285
433 49 2380
508 22 1323
134 1 7891
411 133 3363
228 138 7541
338 107 5187
671 1 6462
662 390 2648
499 343 8909
672 502 6661
558 162 6781
697 85 7079
579 557 4252
95 84 8836
552 140 9372
397 95 8578
667 114 8884
535 520 3206
362 171 9422
406 365 4496
587 295 4852
476 80 7274
124 78 175
614 561 1338
55 29 6009
150 23 2708
294 146 4175
343 312 2167
536 193 356
512 395 222
502 441 5657
342 83 8423
628 24 6096
542 62 5798
158 14 886
567 108 5411
502 289 655
580 487 5796
146 49 6066
612 337 6024
420 286 9307
467 269 9119
389 134 9686
586 521 8485
487 59 3573
556 55 4694
286 216 288
526 413 5817
284 261 8983
479 235 4977
660 364 2528
443 277 3927
247 92 3539
571 567 5507
368 96 7529
482 128 9903
595 467 6018
335 262 4958
499 245 8486
666 203 8699
331 293 7760
578 301 9734
291 161 5804
490 173 248
658 356 353
386 217 9258
91 24 9343
396 301 1767
665 190 1975
257 229 277
640 565 2060
685 334 9373
511 280 2775
662 406 1974
541 22 3393
598 230 3049
379 296 4492
204 104 475
346 97 5223
392 224 1016
200 5 1595
458 222 5991
527 454 3941
648 628 3760
507 321 2479
405 44 3861
506 279 2508
632 23 1448
292 64 1085
400 289 2926
64 28 8455
627 298 9213
583 53 4479
639 613 4466
473 339 3009
198 169 4869
439 117 3049
113 63 8025
650 382 2473
317 66 9575
45 27 7649
603 525 2932
609 608 4634
593 444 9269
686 460 1831
315 277 2517
510 503 1652
548 57 9625
575 142 6415
430 180 2221
695 555 7563
677 82 7895
612 435 8119
684 657 1705
622 45 8355
610 264 2576
548 112 38
447 344 8654
442 387 8172
527 160 3634
573 352 9087
484 251 4162
534 227 3825
391 53 9380
396 6 7887
432 300 3389
633 111 5779
327 267 9640
397 203 8409
516 261 9716
558 30 7258
402 362 3869
272 146 7509
643 622 7112
700 574 6462
611 374 9144
422 398 9668
535 120 1206
309 286 1769
586 36 7739
408 274 6476
374 28 7335
230 189 6215
502 449 8669
608 432 3134
378 227 5936
311 309 3548
442 361 4820
336 42 4005
389 297 1970
455 81 9930
112 96 979
480 208 4686
670 541 1405
558 77 6156
270 180 1234
681 269 8138
209 13 5769
597 205 177
519 272 3848
251 221 6474
692 46 7034
200 137 1038
271 185 9495
522 136 6045
689 544 5775
387 380 1618
207 97 5632
443 99 6887
547 407 2532
400 80 8411
580 387 4740
635 23 4801
353 131 3184
552 53 1463
635 169 5014
331 235 3188
372 158 2851
612 286 7521
453 267 7398
286 133 4612
512 103 559
674 498 2812
594 308 3436
409 365 4888
571 241 5376
552 548 6145
255 233 9316
660 47 6741
454 98 2981
525 137 952
326 55 3613
164 158 9467
443 409 9945
513 147 9662
480 382 9863
454 312 2981
476 47 5732
550 106 6683
422 92 946
254 162 85
406 124 5970
124 73 1534
279 77 8887
379 76 3527
600 457 7671
350 46 5750
642 23 7810
569 324 7050
203 60 5324
611 534 491
669 171 8159
94 27 7428
528 26 2395
653 22 3516
643 499 8103
554 253 3284
211 49 1448
652 609 8516
387 206 2953
276 40 9195
446 326 8461
633 613 9249
233 140 2627
600 398 7591
282 43 9428
474 310 2885
668 25 7891
391 354 6882
428 236 8364
358 34 5334
206 203 5882
534 222 3651
683 646 727
291 268 6933
277 58 7359
542 132 578
472 463 9711
658 381 5428
121 56 5097
340 337 6833
699 271 1596
517 478 2318
693 140 2651
312 90 6901
541 330 9510
230 182 5985
425 415 4599
222 131 3076
656 517 151
434 231 5870
336 194 1673
398 302 8990
352 259 9257
65 21 5381
361 31 7545
292 236 3745
344 161 1967
92 74 7728
625 386 2977
573 435 6701
462 425 3391
631 451 9438
324 227 320
443 118 9981
573 70 981
546 408 3531
489 240 7990
168 83 9478
383 242 5277
221 56 5475
423 75 4273
73 43 3426
691 140 635
475 294 854
651 229 1481
500 274 7977
610 349 5740
405 349 5688
229 222 9982
700 367 2686
538 395 4840
338 235 5509
672 249 1377
286 47 994
560 6 1785
617 137 532
686 102 7632
614 284 2138
259 186 9664
159 110 6513
412 78 8280
515 56 172
455 387 7309
406 46 7636
484 225 6216
444 161 6920
181 176 3915
394 379 7511
630 546 2339
503 6 7597
573 37 4571
410 119 8822
626 491 5845
587 308 3608
359 63 683
223 47 2933
218 89 98
580 350 7427
398 239 5583
645 621 5878
308 197 7205
648 85 238
554 398 8984
485 290 5871
688 633 3125
488 210 7327
540 375 4005
386 367 6840
287 22 3801
533 360 7877
694 566 2704
532 188 4195
168 53 1004
661 381 4782
647 584 4038
480 21 6848
611 260 6023
550 178 6532
685 233 7790
388 250 3426
411 9 5406
482 270 1056
546 469 6357
573 441 848
504 359 197
416 295 1666
473 149 6168
608 35 8315
339 18 7106
642 9 2950
545 430 3100
359 129 8599
288 228 1808
536 401 8831
478 121 6521
593 547 7945
570 484 1890
617 259 7121
672 346 9089
289 76 9794
511 487 4588
536 123 4956
649 133 640
612 248 7296
170 2 4128
451 44 1912
630 191 1426
282 263 7857
349 169 1583
547 99 3921
382 339 2585
592 83 9441
196 172 2394
523 180 4240
589 342 9476
660 216 4063
212 53 5935
21 8 9549
329 60 8134
582 549 1562
218 168 9230
611 223 6901
468 395 1938
615 541 8799
63 14 6254
177 120 336
281 255 6277
142 11 1083
47 2 3678
654 265 405
582 419 802
665 94 6315
563 490 8594
569 229 8338
314 44 5114
684 479 8302
634 147 3072
589 351 9675
682 95 8006
373 124 6669
362 58 2110
675 583 296
184 166 2915
654 642 6796
139 9 8459
624 519 2731
565 156 2868
423 191 8901
531 172 1115
525 294 5147
594 473 410
693 270 5391
583 143 5699
484 135 1275
504 35 8647
629 165 6852
23 1 6458
687 460 2806
691 675 8558
242 82 4686
540 356 3136
503 498 5553
457 398 1332
614 24 4487
420 327 4818
449 97 2132
700 17 4265
491 255 897
548 540 5672
683 3 4472
668 454 3246
116 33 9251
463 90 7340
351 291 780
559 257 1042
583 252 4182
675 140 9138
112 46 3459
443 104 4779
282 139 4445
628 221 408
235 36 2600
532 413 7390
371 19 2321
78 41 5049
611 590 6794
199 51 8848
541 175 8529
357 45 8044
272 119 7699
648 100 618
328 128 7695
452 299 401
293 206 9306
520 164 675
319 97 6997
365 147 67
690 429 5013
588 352 9966
642 29 4154
431 78 8222
627 583 9765
663 621 8046
346 264 6197
577 531 9112
587 278 7337
245 40 4098
539 270 3827
184 43 214
311 232 3506
642 426 6561
470 350 5340
690 377 4707
588 356 1371
423 116 4477
537 87 4611
456 169 862
689 639 2961
422 83 2654
172 29 3020
504 301 4621
310 79 8758
465 82 7081
493 486 980
613 72 7482
508 416 5459
421 215 8310
521 278 3381
434 186 4821
582 74 8058
307 211 439
479 289 2875
501 189 9636
269 73 447
694 148 4748
494 115 8396
644 288 629
440 76 8306
240 97 6241
499 397 7069
234 128 2285
408 272 8458
437 236 2208
633 238 9189
524 233 9560
551 33 2087
305 296 3734
340 266 5131
691 412 6182
430 126 4645
39 4 4692
567 473 9049
542 89 2786
545 543 3343
602 545 734
487 203 1985
378 30 2032
694 686 123
400 97 1794
249 51 2819
557 255 3307
429 94 3492
322 167 6075
228 79 4077
472 415 4017
471 238 3476
28 1 5922
244 232 5708
271 261 9346
397 294 6629
398 392 7755
682 652 6767
609 425 7521
503 161 5853
616 196 4253
263 7 9983
479 298 5152
660 627 2069
568 132 2644
560 400 3914
381 9 3268
172 56 9938
251 73 3103
625 249 421
403 373 5853
630 409 904
696 627 5324
464 80 1694
366 96 1408
303 104 3787
572 447 8098
167 79 1467
197 180 5571
687 643 9320
455 179 4486
330 297 9714
560 364 9419
419 325 174
230 102 3493
273 139 4044
699 2 2519
285 195 9250
373 198 8558
457 300 8789
634 614 5886
237 39 5863
82 70 3041
657 474 1991
557 530 5264
138 24 5314
638 174 2718
150 41 2107
237 33 514
550 44 7079
635 44 936
379 373 3012
233 17 434
561 523 1233
382 322 4283
578 261 823
633 220 2228
643 332 1748
183 56 3424
384 293 1986
665 635 9786
397 43 7200
692 648 482
369 94 6420
513 191 6599
580 155 2487
255 185 1174
572 278 1683
589 144 6142
440 416 8730
463 386 3858
651 250 8693
440 109 5826
331 107 2738
592 380 6151
576 434 9982
588 537 2953
552 5 7984
559 290 2700
640 191 3140
520 364 9903
535 488 9527
289 129 1951
387 248 771
330 13 7405
326 71 8204
106 67 1766
630 446 4960
393 373 782
586 43 3914
698 428 6415
641 119 583
624 503 2874
602 486 3575
462 430 3894
291 101 3961
437 125 4701
611 245 2778
644 382 2962
651 321 6169
686 411 1784
322 270 6341
457 250 8669
502 171 3199
459 451 9773
632 233 6763
467 453 3027
600 28 2665
440 143 7210
676 282 491
674 231 3598
536 372 3706
693 566 7997
267 160 5767
496 248 8439
208 64 6736
526 514 5870
662 33 5305
601 16 9615
610 444 8886
299 268 4463
606 318 2502
539 362 4681
542 231 5197
505 494 5281
661 486 7658
575 144 3939
648 341 519
687 28 8978
661 231 1898
493 430 9206
393 389 4843
415 133 5896
316 47 1420
570 6 9814
216 137 9841
322 248 8991
577 451 7396
418 22 3424
659 208 6925
176 73 3328
653 454 1711
614 29 5992
343 16 6270
680 228 2733
615 310 2886
414 55 4973
505 68 2751
606 501 7022
611 354 3365
413 20 5361
589 172 7709
374 184 5536
671 364 4134
309 63 6589
403 92 6993
557 279 1838
546 443 8779
493 434 2522
281 117 1909
609 372 3756
453 228 7435
175 106 4756
684 592 9839
506 77 3304
675 192 639
657 392 8506
382 99 5537
547 184 3115
654 453 690
560 76 4675
620 515 2663
548 182 9981
504 408 9259
655 186 724
540 476 2596
275 117 3293
640 460 5009
353 252 747
329 46 8367
527 10 2248
249 8 9033
200 114 7438
603 493 5813
522 146 3786
529 182 3710
615 536 6353
615 96 754
694 259 3861
145 119 7126
419 275 9607
605 165 2859
374 80 9653
143 89 6342
678 456 2028
678 346 5128
357 355 4714
228 9 8836
388 164 1640
699 461 8875
252 103 7081
672 389 4463
305 205 9944
346 40 8953
411 28 4993
548 328 3347
538 44 4095
586 470 8797
611 472 481
634 556 2815
654 114 9082
646 104 3784
693 586 3795
518 437 9250
170 55 8698
345 15 483
676 107 3087
567 373 6132
612 228 7688
312 93 2712
555 378 3439
614 557 9036
520 71 5861
684 260 4729
550 505 2101
548 28 5767
376 21 9182
478 92 3448
518 231 7506
557 285 874
677 353 1301
686 451 1829
429 291 242
684 235 6403
675 585 7460
636 186 7437
627 294 7781
577 132 5723
657 257 9020
553 270 6396
522 368 8833
207 73 9707
661 286 9028
296 116 1287
434 242 4456
656 147 3604
331 210 7609
301 31 896
664 608 8193
322 225 2200
480 85 6777
465 30 853
131 129 1381
543 93 3464
685 461 3664
185 157 9439
678 654 9281
554 525 9836
604 305 7671
539 260 5629
699 21 1413
501 309 4023
231 104 5926
271 179 7114
578 412 9031
685 307 5076
427 276 488
199 104 9027
375 95 1445
360 340 4560
655 454 8946
94 85 2695
690 335 9940
326 310 5664
549 208 9071
478 83 7996
98 20 7796
427 125 7163
651 270 1284
498 54 8214
674 409 3370
412 159 5345
499 105 3169
303 133 4057
585 209 7951
106 2 2667
514 190 5652
473 230 9699
654 400 1783
604 321 6723
106 21 4158
540 518 4603
282 156 6821
598 199 7199
62 55 3449
529 196 4488
484 321 6049
367 323 4150
225 146 1255
270 175 7358
615 462 3266
261 21 7641
419 80 8740
539 176 8677
206 169 6955
645 275 2351
589 512 1712
645 246 8042
667 321 3951
576 533 3442
687 126 7327
472 341 6273
552 363 5501
671 16 4587
440 146 3792
350 270 3684
356 38 6744
118 52 517
623 243 4389
672 178 3136
431 21 9133
554 549 8308
554 96 7914
373 153 5256
310 268 4534
543 300 3272
583 222 716
445 240 1745
362 68 5115
568 71 4580
255 251 8048
311 155 6593
459 248 5849
319 128 764
610 260 9435
539 294 6343
260 113 4952
517 114 9685
377 88 1255
693 155 589
655 348 9852
653 580 2311
498 468 8357
382 213 3170
268 67 9018
448 366 9873
587 248 7442
342 6 7921
305 49 4147
643 436 2176
657 362 6865
637 61 2026
326 260 8758
386 160 5596
578 219 9715
104 38 4333
168 92 4984
340 79 7983
167 89 9800
324 299 600
361 210 2936
607 5 4301
289 190 9283
636 252 2667
568 303 6617
220 37 6242
587 28 705
162 69 1360
673 113 8659
274 20 7560
655 257 8757
604 126 5562
469 337 6013
690 262 7675
263 118 4783
698 216 5790
641 218 1364
433 11 5549
536 166 1272
505 322 6461
699 326 492
535 89 2971
417 272 8670
588 108 2280
299 130 8526
354 165 9175
475 84 2799
428 140 2458
630 312 1808
390 245 5518
628 223 2901
476 88 7824
521 489 2501
508 39 714
677 478 431
533 472 1004
345 165 5097
662 58 1955
476 390 3424
380 73 3365
685 616 6899
578 334 4012
350 287 2058
263 82 6270
555 107 355
288 17 2056
672 356 4847
584 412 5609
208 188 6504
396 221 2458
391 100 8192
610 470 576
357 272 2763
544 491 7556
327 304 5622
389 337 7092
542 301 6620
263 45 2961
618 374 8163
299 115 3375
466 235 8602
578 225 7485
575 105 4939
573 56 8908
243 178 5190
451 2 5958
386 138 6950
401 280 5493
323 313 9614
643 515 3049
193 91 5522
432 176 7715
675 173 7713
584 60 6720
373 108 226
516 7 4957
699 365 5298
575 490 8775
60 45 7391
242 144 9208
276 249 3053
566 510 9833
299 83 9928
484 80 9089
699 404 2326
430 246 2990
327 117 6661
521 304 6761
494 282 4588
338 227 596
688 476 5358
250 48 5340
150 82 3219
610 258 6478
695 329 1530
266 74 325
372 109 1921
528 24 7157
363 177 5237
687 132 5617
602 308 2729
209 201 832
430 223 6666
345 211 4148
633 555 3622
194 117 9923
123 93 5305
451 288 1692
458 266 4007
319 28 4819
559 552 2451
365 245 6266
345 128 8065
430 121 7033
559 151 2342
668 6 2398
683 408 4738
645 144 3453
526 97 1426
427 281 6770
667 471 1215
610 144 2905
552 453 1231
283 121 5026
689 360 8749
335 66 8455
698 656 693
615 369 7026
218 45 6803
556 91 7978
305 101 4661
539 162 1228
651 631 1077
352 118 3030
281 82 9864
153 74 8037
383 110 3040
567 217 9657
612 108 7678
642 356 4368
645 176 3860
358 247 9443
345 313 3942
629 537 3893
626 428 970
363 169 7594
645 12 3999
696 320 5072
87 73 3811
650 487 7900
697 283 8712
224 183 5591
280 88 4808
383 290 5817
663 623 2798
246 62 9188
694 577 9312
461 22 701
492 107 9301
622 355 2303
496 78 796
520 436 2433
379 27 362
467 448 9523
285 229 3508
155 14 4669
686 41 4524
560 42 9287
570 351 3858
411 283 1462
545 200 94
70 23 2095
236 130 952
654 577 9272
560 533 8209
608 589 3208
676 320 1248
590 44 2403
618 111 9165
527 314 3049
560 282 8170
561 378 6327
522 346 1123
547 235 1991
139 11 5386
322 116 1434
499 100 5998
668 480 7449
550 286 7589
547 73 5045
581 93 7205
602 379 4991
622 257 1987
561 75 3825
387 378 4997
625 503 8643
678 579 7645
561 208 9778
537 98 6483
661 182 2146
598 242 8681
615 78 2723
418 151 3167
621 285 2441
341 16 6305
645 269 6820
378 198 6478
448 359 9531
295 82 8629
598 70 4026
447 91 4772
263 204 5879
592 91 7281
441 25 4716
275 17 1160
593 212 9409
234 31 8909
378 341 2982
399 227 859
20 3 2146
655 310 4967
675 286 134
156 149 5061
596 492 644
637 527 5519
679 610 6971
323 152 6961
431 130 9254
650 355 5238
394 387 8326
580 311 1315
327 255 6034
215 151 4067
639 496 6517
402 81 7953
407 85 2435
236 71 9425
667 543 5299
470 185 3151
378 83 8121
679 311 965
646 363 2987
278 33 981
618 214 3740
580 190 8310
385 336 6890
344 167 9777
446 124 5951
218 61 6207
453 48 1952
432 86 4807
487 229 2497
298 284 6300
356 309 3354
421 293 5687
198 41 8988
571 54 2132
669 633 8569
674 30 6594
451 117 9970
641 50 9595
274 147 3071
556 52 9576
152 9 8260
522 264 2269
467 303 9739
197 30 5238
530 342 4213
290 9 4614
675 151 6222
315 291 7672
490 346 8077
324 24 3237
88 75 3964
467 276 8413
346 191 5479
514 266 3189
408 362 1085
643 575 4546
448 304 7805
84 65 7791
317 94 5165
570 77 8592
586 508 7630
81 13 1377
492 189 6548
258 127 459
663 551 2903
690 155 2326
607 185 3419
635 283 1719
583 410 6259
592 390 1083
483 264 8142
668 228 6881
66 65 5249
615 24 7597
314 109 7781
548 201 1579
661 501 4398
325 80 3048
527 419 8655
659 335 8801
431 177 2589
620 480 9145
214 102 6148
496 172 870
344 256 3070
390 170 8751
496 239 8543
354 195 4985
552 185 5319
538 103 2416
378 55 6555
374 115 8035
42 36 9689
137 26 7730
633 244 5386
629 189 4561
227 10 5544
201 70 4162
394 294 359
302 258 1680
643 27 8947
592 47 1191
687 375 756
345 161 263
513 30 27
489 356 3792
132 85 1194
356 209 5787
355 72 9297
656 367 298
333 82 2424
506 297 4964
273 77 4095
557 247 6257
357 173 4608
647 547 9006
618 86 186
466 185 9527
609 498 8408
447 148 9520
561 554 8287
248 200 1885
387 328 1253
309 305 8390
449 241 7758
546 519 3617
631 315 2050
188 118 7428
631 257 7209
679 182 8265
416 337 7004
320 232 2986
205 115 9154
594 281 1811
338 95 9607
605 374 2368
673 107 8348
89 49 763
479 154 3317
345 241 7152
481 68 5029
403 106 6385
595 95 4616
590 347 2573
666 508 3153
382 367 1528
600 168 4910
418 384 3333
564 124 1592
351 253 9157
395 260 60
476 399 3250
465 121 7852
673 152 7148
583 16 9403
550 112 8615
438 155 6362
585 512 4409
630 601 3081
315 34 7174
510 491 3270
465 281 1932
318 24 811
466 16 4397
415 156 295
620 124 6591
298 254 3235
137 117 8887
282 257 811
193 95 3666
377 165 7553
518 46 5127
436 25 941
509 173 2609
606 194 8089
360 275 7084
586 99 7130
594 15 2326
392 361 3410
433 148 4796
614 482 3440
468 347 693
411 263 2246
687 621 130
380 255 886
332 69 7558
590 137 2864
223 179 9359
614 257 6987
646 624 222
688 50 927
401 209 7431
534 286 6527
492 360 5272
466 30 2476
648 339 2792
169 5 5178
420 102 7314
247 217 6585
393 168 3059
545 83 2003
628 262 8984
516 4 7385
359 7 3984
354 21 8313
501 97 4872
622 358 5881
248 21 5340
355 167 9308
152 125 6439
238 45 4281
323 68 9801
683 117 2765
642 434 9344
560 430 7489
533 263 3430
627 303 9656
425 271 4660
609 465 8103
342 122 3441
554 99 4919
392 67 973
576 479 2959
380 297 930
368 353 1612
388 269 3649
663 306 5555
116 112 3978
699 359 6309
464 102 3117
617 551 4311
622 332 5356
580 496 2923
361 302 6012
547 503 3253
62 32 9619
565 471 6292
469 214 3914
537 97 5018
606 496 8057
541 163 1043
671 191 9690
349 195 1462
337 131 4597
289 134 456
299 60 9402
210 22 7324
600 519 9059
304 165 2914
638 211 547
183 70 8515
344 150 2998
476 292 9593
597 86 1218
347 207 9899
490 176 227
530 204 3761
379 253 4647
407 337 781
471 362 7016
624 257 3420
669 256 8141
379 90 7840
544 284 3241
636 72 2629
236 73 9842
408 246 6779
648 516 2499
337 118 9835
688 36 4430
635 130 6545
559 41 5055
593 90 3690
341 91 1057
387 160 7185
381 17 2836
557 129 792
677 597 8693
348 320 845
526 33 6087
290 283 3715
299 232 9861
210 37 2102
356 279 3248
584 579 9357
683 613 9521
584 302 9768
568 157 8210
627 594 245
677 380 3677
639 427 3908
557 376 4194
247 45 3088
410 172 1569
521 303 1087
364 293 3663
482 162 9980
390 268 8440
635 419 4524
311 31 3812
648 390 4913
632 554 5568
225 48 3593
334 291 462
27 16 4046
368 271 7416
516 267 9174
236 140 1655
700 494 9710
319 11 2242
571 367 3804
649 558 1810
659 511 2015
178 144 1532
312 306 730
652 616 3530
466 324 2740
187 120 1636
661 199 4096
181 20 3380
534 315 8925
197 15 6448
627 538 7627
502 368 1936
502 266 1363
618 66 9556
400 226 2423
667 517 3842
649 415 4974
560 156 9970
613 217 1837
373 310 1
365 202 2699
669 240 7989
662 615 2902
519 420 6555
626 147 7929
631 421 6687
368 309 4950
55 20 4623
527 33 594
618 425 3586
697 115 8276
607 74 4759
206 54 934
662 609 1014
632 317 9189
567 145 5370
665 132 5876
405 91 9016
500 173 2644
683 669 9157
291 77 2721
615 234 1573
469 132 5281
591 260 1885
206 150 342
595 63 4479
686 142 5892
509 246 4932
402 70 9884
148 102 6017
137 109 6452
700 388 4867
588 181 1350
392 225 5516
343 51 5941
450 96 3639
577 244 6130
446 279 3542
610 201 3399
638 129 8389
327 307 3597
647 105 5374
336 78 46
218 134 9156
363 254 2375
392 10 5155
588 261 4361
509 501 2630
638 11 123
449 289 7511
433 295 3527
154 49 1541
682 51 6424
689 74 640
683 8 4278
425 220 5885
341 165 3070
444 385 6586
666 110 1556
418 45 6091
322 120 6890
609 126 630
689 673 431
466 326 644
688 356 8925
572 331 9779
647 58 8489
218 216 6048
494 275 8899
235 13 9538
659 312 5513
529 512 3987
622 145 9662
629 594 6866
590 300 6639
166 19 1603
523 319 8676
675 55 1753
271 73 8597
501 336 717
472 102 3295
446 7 467
356 283 2849
561 289 2075
301 285 5367
472 16 2609
351 71 923
279 249 2031
218 178 7019
605 44 9281
453 410 9661
138 59 4578
469 126 9268
244 81 465
417 400 4935
82 45 1761
683 375 992
240 15 921
282 131 8778
400 242 2850
582 344 6746
111 28 5054
609 401 8554
614 420 7543
433 351 1390
524 12 423
479 361 6059
193 102 7116
384 253 5175
133 88 1617
533 260 9108
692 282 2049
324 297 8430
635 331 7254
272 248 6346
548 157 6798
537 328 3261
348 208 323
153 50 2910
635 579 5851
337 203 9096
325 190 6900
210 49 8473
653 587 3306
225 20 6205
635 487 9597
626 398 2069
217 54 5614
518 153 3228
563 470 260
326 164 6347
135 26 6065
387 42 6476
506 208 4622
128 43 5672
655 357 6931
185 69 3056
412 174 5062
560 47 8530
394 265 5933
636 567 9905
53 38 6839
482 63 2519
351 262 7148
369 331 652
550 10 3000
376 74 6245
356 180 6473
569 59 6735
662 558 8926
333 150 3140
375 329 7911
587 318 9040
440 327 8494
640 394 819
486 127 9553
664 417 7936
351 10 194
508 455 1168
626 372 1307
272 228 1134
568 258 1615
197 121 4946
569 375 5026
228 199 7205
398 37 6560
684 343 206
667 85 5675
303 62 5750
583 511 1382
298 73 872
401 365 4020
578 62 5668
538 265 1004
631 551 6340
515 470 1256
365 278 2399
450 165 5812
245 162 3886
565 263 9861
228 107 6327
391 188 5102
630 538 7960
100 87 5693
477 433 7424
581 310 669
675 655 7666
259 185 516
554 303 2435
639 518 3033
557 498 3449
688 120 2907
263 238 1242
507 475 2476
191 65 1077
515 138 8742
101 19 6475
690 651 5152
543 281 1665
565 162 7225
441 201 2135
682 344 4377
413 71 6661
388 66 1581
609 594 6081
585 568 3948
227 74 8882
546 26 5813
661 6 2643
628 545 3219
492 37 517
289 130 2372
401 7 1888
502 256 9925
591 236 5313
405 69 979
668 115 7919
389 72 1572
462 128 4752
182 101 693
485 308 4448
654 556 1679
294 206 5125
570 228 1393
694 330 8548
414 213 2266
699 286 2207
590 510 5557
522 393 3684
131 43 6903
295 229 9816
496 319 6872
445 137 2928
667 643 6430
477 67 3541
659 426 4577
587 357 5282
254 149 8614
420 271 979
443 197 3108
621 442 7810
693 453 3338
336 310 6041
488 19 6140
561 460 2487
313 164 7114
295 104 1888
501 29 8097
454 195 1116
428 407 7883
564 96 3624
679 169 1087
298 3 377
457 140 988
339 198 7027
508 128 4062
377 164 183
628 486 4939
343 197 6727
392 137 9027
344 91 9727
610 280 3516
671 456 8527
634 427 4580
586 44 730
468 193 8839
540 56 1847
464 386 4670
250 234 862
224 79 8119
598 461 876
657 181 8389
586 85 7936
302 180 5885
232 54 9495
465 1 7543
687 115 4426
135 68 8347
663 317 5291
410 265 3049
464 439 2968
297 79 6961
314 10 7962
683 627 9017
313 75 3804
112 86 9764
557 207 5923
305 237 1321
607 573 4728
222 65 7938
519 205 9428
306 41 4755
642 82 8962
655 303 2125
620 512 6405
256 74 5944
39 12 8371
531 367 6256
616 404 375
381 92 3179
546 217 9390
441 74 2127
664 349 3563
318 127 9928
330 170 629
342 95 9624
544 61 4212
382 235 6832
342 323 4784
317 11 2575
148 99 2611
649 8 7194
532 100 7708
342 237 8940
634 232 319
538 185 2348
691 185 5941
414 166 5823
482 116 5453
689 233 6980
546 290 3901
615 184 9726
686 50 6041
593 534 6757
591 480 3486
586 239 1617
523 418 5249
588 471 9612
567 332 3351
673 203 5528
585 352 3230
595 181 8483
324 63 749
590 45 8394
509 54 7347
391 231 4201
674 565 6605
400 288 6749
697 507 1518
598 33 4890
407 308 2939
455 68 4778
667 227 6974
158 48 3712
662 418 4061
290 88 5489
511 122 9884
545 424 3590
542 136 6016
478 164 3020
535 401 3749
555 457 2111
617 330 8351
506 325 7000
692 345 2163
653 121 3680
670 7 714
325 145 626
543 126 7191
499 211 5759
271 35 590
534 459 4770
175 23 1094
398 135 3924
590 542 808
458 197 7111
333 97 2022
413 123 5467
689 124 7546
533 373 437
696 106 3416
659 77 459
267 40 6290
667 88 8334
491 404 8109
616 95 7460
431 200 9088
488 280 7995
414 335 3320
361 309 8328
397 141 3183
482 430 4576
639 151 6241
498 260 8326
553 212 6579
673 397 9107
607 394 707
472 84 730
180 62 1288
80 38 6821
643 92 6250
593 407 6563
651 626 4346
393 304 4314
698 529 9106
141 67 4921
458 271 5464
645 256 1199
449 347 2418
527 16 9968
262 184 5982
532 169 4408
394 292 5464
323 157 947
229 78 8262
615 81 4900
349 249 4398
310 108 2032
317 175 6047
673 351 1895
638 474 7342
461 111 8633
551 354 7120
176 102 534
623 104 3718
374 282 9709
386 338 910
443 224 1255
577 467 655
523 32 6519
314 271 1063
647 18 2475
442 376 9751
497 297 3120
293 6 90
548 205 4660
648 561 6892
327 96 8070
500 157 435
217 86 8729
377 76 8905
247 244 2018
222 83 9969
583 39 3111
154 48 6479
516 291 4422
656 176 5159
695 469 1991
538 145 3157
416 202 328
490 182 9347
554 137 2751
644 56 9963
425 166 6952
102 89 7783
642 552 7000
684 206 9332
654 208 9411
692 104 4042
695 248 8136
678 169 12
545 241 3008
365 150 3482
502 433 7259
539 272 329
621 547 8693
308 72 4531
529 510 8410
181 70 6459
400 10 5369
304 227 2227
624 507 4008
614 574 9498
654 491 5672
81 28 5962
698 488 9129
662 461 3931
465 387 9285
673 314 7389
159 5 9654
282 225 1011
700 675 9970
287 68 3901
407 74 7192
420 208 8008
278 241 9273
371 148 8999
659 223 9148
310 147 1095
416 36 9801
687 332 5109
447 120 9860
407 42 228
569 107 4818
246 241 7762
651 83 2667
365 44 1334
283 191 4491
240 54 81
637 241 4518
274 160 3768
480 424 4694
154 122 9722
463 424 245
336 3 3784
77 43 6283
580 49 3045
653 381 1223
485 416 6870
562 226 1344
688 687 8743
622 361 7186
671 239 2874
366 1 4542
380 53 8296
651 167 8322
449 276 9372
467 301 2554
50 22 5155
472 471 8301
698 295 8499
389 186 7414
609 571 1207
503 178 203
693 343 9142
595 278 5200
404 124 19
648 78 3231
185 24 1253
66 55 5851
175 57 7466
462 455 3909
615 540 7883
534 507 5950
596 345 2021
404 210 5259
526 58 5636
120 7 5116
481 230 702
564 204 9199
99 41 5404
455 304 3170
646 249 8610
623 189 9949
604 304 64
604 238 1750
351 229 5963
643 270 6247
611 408 6032
177 168 2936
582 50 1951
138 41 3614
97 69 9705
528 23 4878
698 517 9168
378 303 9046
429 108 5506
682 491 5737
221 66 2901
189 151 2866
676 312 5400
584 61 3070
435 204 5290
283 192 8154
553 476 6006
292 81 8484
632 607 6233
523 355 9134
342 37 4095
164 128 4062
410 404 1835
177 136 7764
428 251 2065
474 19 4506
524 359 2403
537 226 8673
329 318 7293
638 508 2205
439 274 4339
612 493 9625
238 103 6226
563 331 5933
661 78 9719
611 253 4278
166 35 3780
564 339 6868
276 211 4585
138 61 1211
580 310 3478
293 50 7302
583 436 9978
223 203 9395
490 8 2475
327 85 536
506 55 4936
361 149 6843
488 272 7024
411 158 7451
681 578 7338
178 146 2433
455 2 6003
669 22 667
392 126 5500
187 56 9582
644 344 8139
669 216 331
302 233 8948
277 169 7615
581 251 5405
454 197 8650
588 490 8528
319 82 3769
243 127 675
206 13 5590
581 2 9200
379 109 9469
692 481 7190
646 457 7393
580 500 4740
598 497 4696
140 92 4653
365 342 4463
581 237 5471
444 17 3704
329 132 5248
571 409 3223
435 253 5432
565 313 2092
175 75 7507
678 474 7746
588 326 3994
429 303 512
280 212 5126
497 215 6027
482 154 9504
95 14 4946
645 98 7889
650 419 783
407 73 9192
129 117 4657
288 272 2738
698 72 8835
431 205 2909
584 145 9375
573 478 9179
689 576 4692
270 79 8175
650 232 6896
320 166 5741
249 81 3466
344 122 9778
691 571 8213
566 58 7486
634 502 2925
552 88 4577
275 269 2754
399 19 9961
609 429 8796
523 81 9972
498 47 323
641 241 2200
582 93 9375
615 298 8480
498 113 1469
205 21 7569
472 137 1876
381 317 6774
406 202 3221
342 33 6145
323 203 1622
595 108 1480
557 305 6294
682 450 7405
259 45 990
125 100 193
414 119 3138
666 135 7330
332 217 2632
625 307 6880
487 122 6917
603 168 1057
400 185 3025
451 361 9469
475 101 7205
505 85 6427
188 49 711
433 266 1317
687 25 5089
432 57 8962
568 282 7735
671 465 7563
593 368 5199
302 87 8331
112 52 9965
183 95 236
281 168 9827
682 236 4909
460 264 6246
550 531 2902
600 461 7011
227 204 717
467 463 6852
428 389 8579
511 113 8006
590 109 6735
682 633 4180
569 320 4336
452 308 5704
409 234 3872
446 441 3045
577 554 7522
696 160 6861
529 170 7514
346 245 9269
249 241 4825
341 199 8498
612 15 4310
437 199 5380
321 110 7638
424 366 3206
239 141 2848
223 82 31
531 163 2399
132 49 481
666 499 4672
466 313 737
601 468 5366
276 169 5948
411 201 1300
670 182 2473
437 286 9083
313 145 4261
538 232 2248
526 378 780
295 261 4136
651 159 8061
519 412 3417
421 226 3996
83 18 8547
489 184 8304
687 370 2008
650 121 6572
467 418 9937
449 415 3481
689 159 1964
230 225 8271
509 27 3854
648 192 7145
198 111 5221
391 29 4908
597 591 6242
688 672 6446
683 469 8393
204 90 2489
635 450 6262
286 125 2367
550 389 7101
570 454 8333
418 130 4204
503 132 4527
284 31 5345
497 281 3092
331 160 7009
277 248 5539
507 164 1817
653 614 2211
483 308 623
207 33 1026
310 100 7018
536 172 2267
468 22 1120
693 505 7292
464 336 3111
529 149 1770
644 315 2447
290 282 6848
689 91 1353
218 14 8551
538 225 6765
76 18 1660
485 217 342
388 336 4662
316 150 6947
566 173 2383
294 196 4150
606 257 3371
529 465 2521
85 2 1691
384 236 786
517 279 4838
424 150 5730
520 84 1648
630 142 4926
652 105 8195
109 93 1985
374 128 1542
638 451 8145
326 324 6
498 115 9659
421 64 2896
673 554 999
285 273 8434
154 13 8888
492 224 2412
672 388 1657
588 376 1117
357 12 6569
623 581 6266
605 430 2415
666 358 4175
263 224 7015
342 245 8489
384 106 608
601 377 4753
557 486 6639
429 295 8999
307 84 1382
516 310 1094
532 43 3912
424 365 7763
605 183 3058
602 166 7254
419 168 7086
660 617 4881
309 15 1187
593 424 4795
264 245 5320
480 269 6346
465 67 5555
676 100 4065
556 470 6261
654 16 5635
482 421 4329
192 7 5245
521 5 6802
380 67 2192
502 276 6104
121 19 6819
529 315 7111
456 177 2207
687 389 6263
537 388 5
253 36 9021
520 506 7369
606 191 9081
451 121 9306
623 516 3926
643 99 7231
686 376 6273
471 174 350
530 115 8401
293 129 5088
347 158 2541
52 10 26
582 136 2122
570 537 334
656 492 3037
358 245 805
181 17 4116
101 61 2750
185 147 5397
430 181 6812
496 178 3566
555 203 7241
568 550 923
657 81 918
612 467 1590
557 511 730
566 476 6853
634 231 1746
439 47 1700
133 100 6329
493 51 7420
207 55 7456
163 122 4651
438 337 2975
678 297 9236
154 134 7969
686 307 4238
593 245 8814
428 278 5309
501 325 2238
576 455 6532
492 327 4568
553 341 3511
602 414 6541
518 101 5649
256 45 3536
260 243 734
503 475 9446
89 16 899
684 77 1120
439 249 7070
129 111 3299
282 232 1975
197 12 1744
412 321 942
555 309 5437
684 609 7877
514 60 9801
387 213 553
652 444 34
538 422 2951
320 101 4825
506 188 335
426 384 5979
579 343 8199
543 332 9959
642 507 6357
621 620 2361
674 535 876
462 401 520
78 58 6881
438 411 1201
16 6 7055
594 424 4003
533 435 4262
618 193 7071
633 36 7215
384 87 1630
351 274 160
206 2 9825
532 506 1520
620 548 2601
639 475 9851
678 552 6186
217 107 5101
646 643 5574
619 152 2389
497 15 6983
536 110 1297
513 485 1304
437 203 1957
361 68 7390
581 94 8090
670 31 2954
308 132 9656
317 221 778
509 404 9186
261 109 971
339 244 5701
505 350 8079
294 292 7797
411 4 3053
641 200 6670
624 616 4894
610 572 7493
543 141 5214
500 221 7618
557 182 1680
669 542 9368
230 138 5975
529 523 5525
228 104 8721
576 567 5394
259 183 7144
546 417 9539
624 530 822
484 32 5867
538 438 5617
694 239 2790
139 107 574
301 151 5113
613 270 1828
230 29 2954
609 52 7351
550 412 2874
495 240 1559
548 440 9847
487 32 5209
231 214 8390
431 169 1836
467 377 8149
629 42 3407
693 540 9033
662 225 7130
633 278 6167
580 36 2627
617 41 542
657 312 9021
396 245 6746
437 16 452
515 478 4732
404 387 2856
550 351 1865
359 82 6923
368 200 4298
341 272 6794
422 309 6256
252 75 8266
432 25 8055
589 263 3516
682 171 8779
615 264 8359
679 609 9864
259 137 6705
436 131 6720
667 331 4613
411 114 9229
510 174 6400
334 147 734
198 159 4064
690 655 3219
484 348 3399
429 223 9418
664 368 1449
373 257 8926
479 351 436
500 239 7005
669 19 770
336 286 9246
564 187 7499
590 125 349
296 104 5962
265 68 2906
341 97 5213
427 127 589
344 211 7226
652 99 6469
62 37 3148
141 19 7452
515 261 4841
601 465 5985
257 235 6561
541 337 8931
614 283 5640
678 82 5238
592 90 9818
630 572 3209
483 232 6365
607 120 376
394 290 3578
671 179 3456
588 83 4729
382 124 1487
476 38 4860
360 230 6731
524 495 3519
677 339 6239
665 474 9517
477 416 2235
241 49 55
630 22 4747
286 71 7965
518 83 9509
264 231 1214
94 22 8595
291 142 5924
530 83 8526
557 329 6762
469 367 9110
188 65 9290
284 45 2985
687 205 4913
370 281 8206
635 18 6113
510 83 1064
408 227 7087
600 526 3762
545 493 9386
343 94 1765
627 581 2654
459 456 9504
454 283 4810
299 2 7258
466 376 1684
418 353 2655
556 199 7575
555 540 5305
684 143 8294
572 298 7602
578 56 6330
127 57 136
620 10 3297
418 69 7330
596 325 2658
515 479 311
600 555 7306
695 581 2271
368 195 8945
399 147 993
662 57 4096
696 358 4968
679 18 7983
622 448 6156
558 514 2897
689 402 8886
490 76 6488
582 279 2472
496 212 849
637 304 5570
624 245 7695
657 589 2534
330 276 4844
574 465 1168
549 85 8742
674 53 7209
266 29 2725
246 124 964
275 256 3890
253 186 6051
511 478 3353
506 296 1395
600 80 5338
557 497 3761
559 259 2786
495 40 6137
696 293 4489
293 219 2038
648 98 3146
433 138 5693
528 504 4991
597 447 2708
400 65 8297
499 7 9443
365 159 4612
623 222 3810
529 418 6277
212 46 3440
524 125 8994
122 40 6468
483 453 3487
692 354 382
469 6 7335
695 56 7780
110 14 834
433 30 1332
647 374 6438
154 89 4489
158 46 3920
556 163 7693
426 254 3509
676 326 3295
617 317 1240
450 445 7275
194 31 6924
685 179 1419
572 157 2470
479 157 7830
645 388 7131
617 238 3373
429 186 2113
560 286 4634
521 99 7640
307 199 127
488 209 89
541 227 7463
686 201 9003
510 317 3432
228 20 3831
500 280 2706
601 270 2717
554 357 6453
378 142 3513
558 325 3394
666 93 4766
256 122 8850
501 253 8855
555 133 3414
291 75 1259
677 71 3786
671 195 6860
429 276 1357
386 230 1211
514 441 1055
681 266 3896
667 486 7627
386 272 2356
251 133 1080
313 252 9361
354 140 1247
534 500 1411
446 245 6670
284 80 9073
428 21 1046
652 169 2744
632 216 9916
700 282 6724
545 490 3155
379 317 8033
435 44 8003
552 546 9344
495 405 9139
530 463 3910
410 318 4856
423 247 9983
197 77 9337
416 387 6985
504 166 9514
523 100 2637
684 332 7357
479 242 7761
309 41 9831
693 472 5516
679 559 4725
691 82 8841
527 501 4725
508 436 7382
571 327 8673
609 289 3466
416 174 1020
527 283 5466
672 214 6925
497 119 2569
452 257 3942
348 298 5020
549 214 2619
624 27 9962
398 266 6178
460 318 1925
482 432 4878
662 588 3634
599 250 8149
561 383 3144
481 187 4029
659 206 6961
654 60 9499
358 159 7198
662 262 8984
593 25 1955
400 121 3281
459 84 1134
692 357 1730
520 416 5090
215 17 389
527 63 6514
496 356 2776
589 461 3153
304 128 1205
185 121 8488
484 248 8992
682 213 2048
498 304 6394
67 58 7741
304 195 9885
595 448 8371
577 57 8657
294 204 8643
616 516 3729
258 166 6191
605 488 2574
660 561 6347
607 564 3694
344 57 7572
622 544 3238
499 117 8318
539 210 6495
526 47 4595
279 62 8003
467 177 7344
503 366 7623
529 481 1201
375 195 4789
522 191 7986
662 191 2904
691 451 811
675 111 6140
634 28 5957
451 138 2207
653 453 2546
656 384 8937
266 48 2720
630 441 1114
617 9 5235
633 411 9873
455 116 3567
679 429 2842
639 242 6400
666 548 1165
639 105 8901
443 286 4414
607 28 9188
296 43 2006
281 270 2879
430 283 1505
511 414 498
552 137 4294
455 314 7111
436 4 3772
613 258 2193
196 89 8543
126 42 4831
462 269 1884
150 59 5504
446 119 5215
542 456 2750
673 49 4361
244 134 2597
643 121 4269
421 175 7098
199 8 500
675 553 8214
357 308 5508
636 97 7911
622 561 1598
365 80 2206
401 349 9614
347 61 168
179 34 2924
690 509 6301
443 271 9866
666 351 1956
670 72 8845
472 168 4199
394 317 3167
674 282 4663
680 252 5948
381 57 8251
615 31 4144
214 34 9318
586 88 900
316 229 6650
614 455 3903
307 87 483
503 202 7218
627 149 5318
629 157 841
603 448 9368
92 54 7691
380 28 3872
354 143 4211
595 456 5026
244 154 5396
553 71 1667
470 164 8165
597 568 3656
411 358 8596
569 521 1013
700 276 3559
131 48 8273
303 175 4299
307 159 9486
182 77 9848
351 44 738
554 251 9454
239 35 8393
686 158 6796
598 519 1603
647 642 382
217 53 6970
494 53 1489
607 340 1680
576 380 5828
647 589 1735
301 79 2022
80 41 2409
103 20 633
401 46 4581
675 450 4098
290 13 6243
512 69 7682
609 490 5051
477 165 4426
630 305 7324
112 80 8545
464 446 3992
487 464 6171
249 123 1442
683 287 265
539 4 2323
460 394 5400
289 253 6135
627 586 4530
398 246 7510
376 343 7242
432 224 5768
687 77 3603
283 23 6243
480 150 9111
686 65 9292
608 423 1806
559 188 3103
343 84 2839
202 161 6026
642 130 8785
128 42 2166
678 580 5261
301 12 3926
230 172 7578
359 19 5073
502 141 968
416 219 7358
7 6 619
556 357 2243
264 251 5206
601 54 2379
602 564 2842
570 346 4420
529 155 4335
203 171 6998
173 102 6784
587 573 883
553 446 9219
576 446 8075
306 180 8816
423 13 6443
507 379 4198
252 216 6863
620 24 116
484 226 2158
625 448 7537
274 32 9217
441 331 6399
370 288 8084
440 218 1498
492 98 4587
283 128 6550
596 299 9706
442 193 6582
180 57 425
670 492 6107
484 430 7335
448 171 7603
634 213 2171
600 233 1808
172 91 8906
145 102 2170
466 452 3040
673 273 6328
487 220 3814
658 151 6729
380 146 459
562 354 6654
62 2 7111
491 315 5776
263 121 6289
645 583 167
630 63 3568
573 318 8785
458 231 967
241 13 3327
286 199 3819
329 227 6286
580 5 7786
550 12 9012
685 466 9878
564 289 2159
690 89 5776
504 75 235
545 262 9042
449 297 5754
489 444 7469
651 92 8007
637 67 2532
228 45 4064
522 164 2488
566 66 7252
535 368 201
272 47 7016
700 577 8305
559 551 7565
532 181 7954
454 67 2485
577 572 2932
242 14 7641
270 82 6121
378 112 5205
319 152 8806
486 429 5138
654 591 5944
476 37 2298
527 143 6669
540 319 1437
473 72 9366
649 124 1667
663 393 7675
645 257 6956
73 9 8299
124 93 2242
313 29 9150
642 530 3607
568 118 2625
664 645 6499
523 111 8275
501 168 6974
424 129 7301
435 340 8691
572 80 5516
173 171 352
654 178 1879
558 256 5323
164 125 2803
526 490 9589
657 609 2046
549 278 9974
515 335 1210
208 12 196
698 621 6109
577 404 5135
668 519 6314
532 317 3054
255 150 1123
696 318 4493
668 150 3565
209 124 7453
525 415 5730
165 158 9745
683 421 7009
654 529 2047
284 120 3004
364 55 773
199 165 6235
307 162 7490
477 51 7615
500 421 6930
203 165 2837
390 213 8557
689 270 5835
438 32 8975
456 290 6663
635 91 8815
668 242 4039
664 577 6194
340 114 8848
513 445 2576
429 368 4093
584 406 648
608 483 9200
695 207 4438
565 62 5582
467 290 411
668 87 2093
545 414 7663
533 419 2130
192 143 5831
78 72 13
298 265 7015
545 535 9116
646 607 9590
531 146 7781
235 197 2064
195 132 4548
537 310 1714
544 362 1934
629 521 3358
335 151 2568
425 197 8566
525 229 9286
697 8 6969
639 173 1086
473 400 1186
108 51 4151
331 11 2522
644 554 8371
375 27 2244
691 2 4457
645 55 9234
692 522 7020
357 188 2095
163 124 2463
348 291 6347
491 229 5782
178 34 4807
330 319 386
675 215 538
574 25 3680
654 232 5332
689 219 5324
333 323 7385
399 124 8974
88 7 2610
400 295 7158
510 217 8597
540 212 7510
143 39 7376
438 107 8394
582 151 6625
346 135 7227
362 63 5717
610 118 5349
670 657 5188
533 65 1513
424 15 924
585 561 2544
454 375 6912
121 11 6288
618 387 8797
473 22 727
682 396 3026
546 460 8518
640 608 357
396 19 1505
313 103 3613
569 567 8985
511 161 2184
515 420 6460
534 412 9897
462 195 8606
476 326 8759
519 315 608
521 248 9010
17 10 9671
132 111 2727
215 205 1352
314 151 8860
463 145 95
543 516 3854
352 305 9201
519 399 9576
482 70 1304
362 90 2842
645 14 839
586 10 2282
378 87 5202
663 298 8616
555 54 536
625 415 4182
310 161 108
425 111 1508
151 37 8069
264 1 8731
335 47 2059
376 172 3215
212 65 9043
365 269 5445
552 78 4285
120 48 1635
690 369 404
667 127 8881
133 83 235
278 82 6519
673 576 5151
700 189 1012
415 271 662
392 85 1613
682 418 2557
399 337 2379
681 136 8728
661 378 9970
333 304 6842
553 454 7508
537 206 6712
284 114 6605
663 32 8424
542 228 6884
140 55 8419
605 164 3823
505 496 1284
438 295 8659
71 68 9719
46 21 6005
353 135 1252
326 319 1292
667 231 8249
328 84 7951
454 97 828
403 45 7067
624 606 263
451 414 2101
588 40 565
698 553 869
557 405 2353
172 27 7505
521 213 8494
611 181 563
509 383 4842
632 106 5497
668 104 7
661 466 4379
519 254 5333
351 59 339
595 505 821
686 106 8401
237 23 8194
468 181 9668
505 113 1148
239 38 3806
199 164 2820
313 250 8629
381 162 1742
606 518 5661
544 72 9240
248 92 2433
662 36 6953
692 410 5796
677 250 4725
689 36 2178
297 288 7043
651 280 3033
370 303 797
340 336 876
485 27 6306
417 277 8488
540 284 3982
353 170 2811
389 20 3368
519 357 2675
446 376 6715
537 371 3516
415 235 71
522 115 964
519 354 6281
475 250 2520
241 154 2340
615 143 5264
500 104 9422
486 243 1965
634 435 3984
368 58 8790
474 116 3360
505 194 3423
517 70 8180
554 286 2937
659 627 3082
663 302 414
686 384 1678
552 375 4338
562 109 1341
687 305 2666
491 345 6501
445 342 7578
470 261 3993
587 321 2576
488 261 935
657 635 4891
435 213 4497
564 218 7756
625 190 1608
529 191 4306
286 156 9184
324 196 7080
321 235 6757
608 127 2690
613 402 1977
662 419 7845
41 7 1233
63 13 1801
587 431 1273
415 53 8571
227 137 8245
187 44 1205
553 235 7421
452 235 5002
478 171 253
387 359 4652
434 378 7608
614 291 3568
162 55 3102
503 230 204
605 511 3661
619 24 273
545 310 6659
260 143 5346
592 64 9387
569 314 7497
320 10 4007
577 257 400
448 282 910
684 409 7010
647 41 1399
479 412 6452
495 397 2054
407 293 1293
10 8 7466
102 66 8702
374 172 4674
344 93 3722
496 494 657
699 139 4055
672 159 6662
150 112 6115
558 157 4741
334 269 6683
377 263 3462
597 234 9654
286 54 7360
197 53 5761
636 394 7033
92 40 6130
490 86 1402
426 207 3798
426 77 95
83 31 5576
623 276 6490
662 442 4294
49 41 9588
158 105 900
634 58 7440
542 459 7226
561 298 3606
386 50 3007
495 333 8195
643 429 4651
486 461 8210
369 34 7571
283 162 50
484 343 920
552 396 9142
555 282 815
308 222 2085
579 499 157
245 14 1545
584 3 8376
383 335 4711
393 271 2576
697 439 8531
239 27 3631
431 289 3664
446 203 2065
655 466 8525
633 192 5283
660 207 7032
643 553 8926
179 71 4947
381 129 9019
676 288 847
592 303 885
627 218 4016
683 107 2895
402 38 2185
624 270 3992
384 197 9551
585 465 1353
689 283 1990
487 402 8713
294 120 6821
317 300 1140
246 217 8354
405 244 390
283 59 5473
623 133 1920
659 49 6564
484 431 3060
408 132 5334
551 52 5199
195 48 7289
505 366 9369
506 183 3332
411 25 9003
540 146 2773
335 150 340
216 5 760
201 41 4162
686 6 9295
427 216 7737
356 312 366
658 112 5402
281 164 3902
576 367 9801
666 161 8173
155 91 5730
161 119 5671
631 312 2624
483 471 5859
348 344 7825
696 471 2686
618 172 3470
210 131 8517
130 2 8221
632 293 3144
64 18 1588
473 351 4368
454 412 6428
417 61 4269
635 71 4318
598 469 6097
363 240 7098
450 166 6077
386 169 2277
521 362 6219
600 588 881
647 312 4835
270 30 9245
358 2 5753
464 387 2295
644 194 7288
499 362 4349
267 9 2142
405 245 3919
637 206 6072
626 470 7924
612 107 6782
333 137 4826
576 142 816
574 356 5536
286 185 5159
339 177 3916
536 271 5508
532 303 906
646 467 8580
75 28 5087
632 110 807
374 260 6306
359 332 3398
697 163 7559
459 1 7854
603 383 2901
229 227 5038
221 111 7011
637 425 8733
141 98 5633
402 384 1702
279 238 444
385 271 2231
566 30 2822
562 302 3967
589 258 5338
594 90 805
484 182 1171
588 264 3485
441 156 9593
508 254 3114
313 190 3527
374 262 6100
511 100 7949
691 642 8747
196 65 6539
629 293 9534
699 65 135
526 428 1269
517 394 8125
466 246 3588
651 106 9501
439 207 2157
576 478 7681
637 194 6779
269 222 6133
584 372 879
598 123 9463
670 606 1968
517 146 4962
562 327 1711
86 45 2513
643 176 2069
447 319 2004
264 85 1785
599 222 9131
411 218 6526
563 551 8966
448 140 1974
682 224 6007
666 527 6848
643 97 7269
386 201 9349
586 252 116
498 431 754
478 366 6358
587 233 4490
666 414 4363
662 422 6372
415 10 5302
620 347 1220
332 303 7162
501 42 1202
699 316 3395
129 102 2318
434 150 1407
475 24 1664
514 119 7678
624 196 4810
379 282 3528
449 201 7470
147 114 4362
565 133 8162
167 41 6070
286 45 7632
428 231 2295
344 280 8138
508 4 4638
389 244 1019
240 106 2113
403 354 9034
348 315 4306
505 130 7691
648 317 8876
589 47 198
530 303 9770
228 211 5005
673 334 9458
227 53 716
419 348 7357
209 205 8401
679 105 7900
298 164 6406
538 132 3501
443 12 7207
569 414 6748
59 38 3130
589 315 9018
500 483 7810
446 149 9201
470 252 9725
406 379 8682
517 423 5680
679 256 4472
686 258 8996
355 141 9744
443 204 9738
300 87 35
660 555 1494
610 171 1830
354 157 3127
352 335 6365
606 473 3177
517 467 5035
676 329 4369
480 99 4209
306 209 1843
188 6 2155
449 262 6402
262 164 8058
570 135 6982
575 297 307
574 256 3714
413 58 7740
664 367 8286
503 211 8763
240 91 9712
62 1 2589
587 537 6064
500 162 4054
636 455 2039
669 617 8761
586 115 7395
615 446 1079
542 208 7667
561 517 4577
460 304 5846
589 534 5567
213 3 3459
613 173 1454
514 474 9076
593 457 3371
117 99 6427
283 87 9386
195 76 1530
615 12 7142
619 481 6583
695 440 5
699 387 8335
420 337 5225
388 55 6745
274 27 9743
148 144 537
693 238 7832
536 103 348
69 11 4527
592 258 4731
554 354 9285
351 255 8074
351 185 1300
675 425 1586
664 59 2216
603 204 6826
424 321 4812
165 42 1917
474 379 2268
646 438 2607
475 464 4375
407 35 6602
221 204 9127
694 356 2532
678 451 9276
137 84 5165
626 75 4345
630 397 8374
546 371 2012
619 415 2513
613 291 5175
375 45 3959
288 268 8777
175 45 5171
691 514 9429
458 88 6455
456 72 7557
84 78 4127
554 176 3409
433 120 6340
486 124 5171
672 380 3533
645 637 2365
298 224 4473
476 125 5725
449 442 1068
582 101 9583
151 15 962
129 127 1381
216 173 2986
311 26 1809
484 445 7450
153 26 6740
361 288 3614
254 171 1795
607 297 8869
286 256 8627
553 12 7638
677 432 6633
418 417 8178
581 393 9854
536 300 9151
135 134 7349
672 336 2832
470 175 651
401 106 7574
634 158 8160
555 94 5440
370 131 104
700 54 5431
496 385 8484
456 39 8459
666 18 9986
427 67 7125
421 239 2031
548 453 5020
395 247 3906
328 268 1128
680 199 4789
677 565 9167
509 447 2974
677 286 2542
633 384 5955
657 397 1977
540 445 4872
628 263 492
580 131 1562
693 372 4972
85 21 4703
590 151 4486
700 637 420
324 120 2488
466 141 5263
360 242 8755
398 94 5791
535 455 3978
93 91 9356
262 87 7547
303 7 2783
612 170 7516
285 261 1127
254 15 5585
345 75 9217
449 274 1260
410 18 1443
560 556 8439
432 423 8926
510 276 5277
321 193 7749
520 356 528
627 251 195
674 361 523
296 87 4861
246 162 7960
450 19 615
543 369 1093
520 389 8227
411 31 1138
475 438 9901
643 456 7325
248 186 8111
112 100 5221
461 185 57
550 177 8088
539 160 8652
595 549 8080
317 253 8715
614 491 9688
454 6 7442
620 570 12
434 45 842
557 173 4145
23 17 2301
564 201 4031
410 147 3666
362 37 2053
546 492 8704
278 23 117
105 44 2484
364 320 6534
418 276 4518
674 63 5262
696 51 3096
638 601 2124
391 74 4237
431 248 768
498 239 3093
583 267 6395
499 244 3408
603 321 6072
481 191 7878
254 17 8299
365 7 5272
300 294 7558
398 36 5665
249 29 1670
695 16 3186
659 644 7578
438 265 5425
518 106 2360
568 415 4204
698 467 7077
357 304 5185
676 338 2851
382 177 9435
631 18 5981
518 414 4692
368 84 8115
120 119 8596
451 39 1801
513 75 4818
98 22 81
678 423 4413
486 49 4536
452 49 7693
107 64 978
604 249 7188
609 28 4548
675 8 44
529 197 2194
458 27 755
320 222 3217
694 84 8663
607 450 873
569 238 5347
645 557 2471
634 92 2530
237 130 9453
683 71 5102
361 2 4457
547 261 8040
503 37 1542
480 356 2468
514 94 5735
612 581 6223
358 172 5602
120 23 8998
194 119 4895
51 28 9516
697 607 7231
621 554 2096
271 134 9463
526 164 8752
492 166 659
586 425 7259
508 431 8214
506 89 5196
487 342 6073
328 165 2040
269 30 3806
654 506 3010
268 34 927
484 79 4034
232 2 6076
635 183 6523
430 28 872
525 393 685
450 358 6163
473 374 4408
84 81 9379
472 374 5007
640 49 6348
467 115 561
417 192 206
415 107 8362
690 428 1886
290 230 5089
626 325 1591
532 529 5939
458 298 2017
462 69 1670
624 334 1604
386 326 1495
384 23 8815
647 178 5333
547 448 6022
376 165 4431
684 21 9004
455 55 6929
669 657 2448
444 26 3035
540 65 2488
671 161 2420
348 345 5558
547 471 3649
194 125 3019
447 126 1582
569 242 1118
574 354 2915
473 276 577
522 449 1367
542 87 8552
381 185 3261
463 202 2393
244 17 5546
381 90 7312
333 312 2142
97 74 2414
445 165 3329
615 342 1523
127 49 2122
293 262 436
606 180 7597
617 533 5683
572 398 6162
656 2 1352
510 428 8545
594 443 8152
301 9 5494
583 491 71
569 197 7194
685 164 192
292 24 8390
406 91 662
626 331 6291
342 140 318
205 154 1113
414 33 1718
652 527 5605
291 209 7964
434 67 2128
272 3 3564
670 113 5706
484 21 2996
682 262 3056
696 462 7317
559 493 6315
294 114 2354
308 234 3935
683 618 2485
171 135 6220
623 238 9716
635 80 338
398 316 1257
520 478 8235
368 186 8702
152 55 1663
510 170 600
591 431 2142
76 13 2295
559 180 5480
553 22 1697
316 172 5823
320 272 8539
384 148 5466
270 262 2427
139 95 1641
616 465 2170
619 55 2780
520 498 7026
673 595 9533
438 104 9230
489 62 9622
677 451 8768
311 218 1719
617 594 3093
247 12 9451
371 306 6278
326 122 3305
441 242 5115
366 50 9603
566 150 9668
509 268 1826
504 30 7652
506 470 4386
323 243 3110
604 152 231
669 458 2862
258 89 6470
375 165 3919
348 133 5955
538 333 2355
23 19 4821
476 193 4705
543 50 7122
589 122 8812
547 33 7395
320 262 2286
562 66 5438
224 162 2612
242 30 9864
601 509 8252
63 52 4726
164 163 6344
329 88 4567
691 400 2575
288 13 6707
532 182 1763
420 395 5596
623 569 1798
444 426 9667
587 181 633
278 195 5761
439 345 8588
602 171 2893
454 213 5645
562 561 3543
382 200 7073
649 260 2688
588 366 3464
678 39 2107
643 437 9523
124 34 9509
521 244 5174
659 506 5639
477 54 2659
663 249 7117
334 73 7932
432 232 2526
631 201 2608
404 77 8439
700 263 8894
669 158 2571
572 135 6600
665 656 2224
541 244 4812
578 491 380
698 221 5118
682 261 8430
539 301 430
644 307 4102
354 194 4873
642 518 1037
686 549 6009
334 328 5577
514 318 9105
343 70 9687
290 108 7421
494 33 2368
565 288 8946
598 409 4072
504 105 7244
585 311 3801
357 289 2259
622 169 8261
594 364 6590
577 98 5083
412 237 7557
540 520 9386
600 129 7369
87 65 1788
646 293 864
540 424 9511
391 171 489
654 442 4367
517 323 2755
63 43 1370
563 324 3948
347 300 4693
515 378 9668
684 352 1402
552 132 7743
137 87 8184
540 174 9988
486 167 9943
689 189 6393
302 192 5940
563 214 3625
205 145 4641
466 272 699
443 280 289
327 77 797
372 290 3144
162 77 4024
281 222 5043
427 51 4625
581 436 7276
225 45 2329
661 211 7734
215 194 8271
651 348 7569
655 224 782
193 170 3015
660 243 1436
101 91 1930
682 583 5521
225 65 9551
287 245 3993
646 93 8524
676 617 1650
545 197 8129
156 153 1486
685 313 6540
651 491 606
554 14 8059
111 108 8127
672 412 1414
546 488 1639
254 72 6028
558 52 3516
565 18 4710
299 221 6496
574 168 7618
528 373 9064
686 56 4706
651 258 340
455 318 9098
556 182 1085
296 58 3278
698 29 2364
650 118 2288
235 164 2524
410 82 6652
386 243 4669
326 177 8240
209 187 9715
507 167 6633
293 282 2410
320 268 5266
356 71 5155
694 77 367
696 356 7047
563 425 1375
314 204 3626
255 135 9577
681 189 4798
436 37 299
423 155 2858
219 185 7629
560 406 5933
538 279 3466
428 214 2475
670 78 4097
483 456 7339
538 31 3062
513 353 8616
605 166 9819
573 218 223
674 413 2794
286 29 1088
439 253 4614
642 144 2671
442 371 2162
567 293 994
247 46 8425
574 521 2589
591 137 5019
191 20 1992
467 52 9574
700 652 4385
567 98 2292
422 217 7806
489 361 5180
165 25 9009
571 403 5899
684 135 4323
588 94 8364
93 46 7127
556 90 2085
606 338 7014
674 91 7065
348 147 1283
268 165 4284
176 129 2039
522 289 2371
238 112 5793
353 127 2872
653 67 2886
147 70 1094
642 361 8141
368 361 3163
64 41 1122
546 144 5922
474 262 4660
492 349 8597
439 374 7586
487 188 2578
583 172 3586
620 571 2959
318 197 9198
677 192 9992
392 217 6746
366 3 4672
191 108 9279
524 162 8857
652 409 3535
535 467 3249
266 119 2158
555 153 4553
598 94 956
618 308 3768
608 402 2421
537 120 3663
667 392 4216
498 364 5050
544 336 4906
620 169 6710
265 113 7666
661 71 766
377 372 5897
621 130 9967
438 281 8260
281 209 5865
674 201 4088
518 474 9728
440 175 5541
143 73 7643
504 364 751
624 481 7838
640 471 9810
373 203 5757
380 29 1190
669 494 5063
644 481 3289
692 130 2192
485 42 5299
659 557 199
519 218 323
33 31 4856
543 438 7814
98 92 926
697 77 4564
580 333 1867
476 25 3424
598 338 7142
595 540 655
580 486 312
566 428 5513
464 257 3501
672 83 3438
674 641 865
688 94 8752
134 129 4805
533 120 1143
664 632 2860
516 317 2108
144 120 9180
482 60 237
330 43 2996
520 51 7465
570 125 3623
388 281 8793
582 368 6188
524 426 7862
462 386 2826
314 284 3152
314 263 7552
242 114 3720
265 30 5891
286 139 9128
679 414 4139
277 170 3961
291 235 9354
213 145 9137
396 319 6578
643 381 4239
520 78 1353
403 338 1113
657 533 8993
580 520 7000
409 216 8582
311 56 1578
515 475 3772
589 472 99
439 209 8931
237 93 1695
467 25 5792
418 292 7507
427 76 2393
582 482 5183
485 334 1431
651 619 7068
139 118 2120
507 286 6877
599 577 2999
350 222 9510
436 217 5189
510 394 4665
392 357 1522
472 5 1841
86 8 6524
422 367 3811
646 616 9002
634 632 4633
475 437 2073
278 34 716
450 354 5825
517 34 6600
565 495 2964
612 46 7547
417 305 8059
618 296 6913
664 531 3400
662 623 1397
97 45 9975
640 235 6218
404 147 4371
660 450 2996
392 127 1277
473 434 7469
235 159 2502
499 465 7598
659 629 6524
539 182 1333
254 103 3360
573 418 2757
115 10 2444
342 152 1505
659 210 8840
577 334 6002
449 174 9024
483 154 7652
493 322 4370
122 100 8465
444 36 2816
699 158 3225
697 284 4888
535 503 5675
368 176 6923
395 13 336
662 562 6312
612 305 4309
197 54 4982
651 244 1540
487 70 603
412 99 9805
563 403 1412
385 344 3356
573 460 6922
493 55 8975
527 248 5714
494 331 3069
397 28 176
503 156 3203
560 525 6062
367 155 2870
240 23 9162
678 98 4104
94 33 3312
183 101 5234
480 436 3839
626 530 1143
478 318 7315
557 97 1895
563 167 2451
532 420 6863
196 97 6005
611 209 2850
610 459 6085
538 318 1923
680 67 5584
404 178 1616
488 387 3679
683 74 4739
468 17 5001
234 92 2364
478 58 1617
614 25 6992
349 189 9702
506 147 8376
422 359 1307
680 208 1119
397 86 5244
433 60 3601
553 82 4748
643 305 16
594 205 2693
596 190 9729
672 424 6502
408 254 4183
477 315 6661
111 7 9939
694 683 8878
612 27 2780
399 218 8209
402 265 1981
656 383 9561
551 426 8234
332 205 322
656 294 9601
432 151 4598
587 92 4209
535 33 9605
479 467 4157
688 568 1723
646 606 3084
393 8 3799
185 41 9438
363 196 8724
427 164 5480
533 303 2553
641 463 5884
667 223 1945
323 21 4388
513 103 554
662 304 3634
571 7 3000
165 136 3142
625 363 6523
624 563 6906
556 289 5605
691 587 2892
486 15 3494
129 110 7647
660 375 1330
470 196 2920
66 54 61
546 195 4132
543 481 6324
452 207 7645
665 436 7514
578 195 5130
689 547 1829
165 26 990
272 99 4436
405 247 935
313 156 3487
359 280 5385
436 278 5359
654 569 847
246 77 4985
179 2 1405
380 204 4182
614 440 6407
581 161 7126
521 171 3096
490 44 3653
342 285 8604
454 48 8668
506 20 9028
295 184 6674
301 147 939
616 109 3647
504 493 7515
521 373 3001
584 105 4132
532 448 8522
526 169 4307
249 111 9835
313 147 5958
236 59 5083
353 8 7763
666 589 6660
603 375 9921
687 289 5020
493 202 8179
374 252 160
405 403 1686
647 122 3155
526 487 6529
288 66 5933
276 244 4007
167 87 8885
501 32 4135
465 335 7970
572 238 4084
384 311 4886
610 244 4146
155 48 3586
360 78 1869
375 12 3800
629 601 1359
488 440 8854
480 385 711
649 531 2830
439 379 5667
461 260 5953
682 619 5973
589 402 8304
325 221 9358
700 74 5853
394 314 8648
636 541 8756
285 97 9461
413 85 1671
650 411 7672
247 16 1430
501 88 6576
659 527 2549
679 336 631
486 158 3698
568 416 2045
566 344 7065
617 85 1799
557 455 6715
673 591 8964
441 195 3094
522 429 6587
519 96 1623
688 596 3103
635 270 7928
587 97 3642
394 105 2306
636 174 680
699 131 6634
624 311 5878
395 294 1114
442 388 3100
149 62 7692
521 143 8140
430 44 8321
693 9 6350
645 401 1863
317 85 3388
628 215 1583
668 572 3879
418 208 9754
656 197 9296
322 251 4072
626 222 1656
699 124 2870
529 242 837
671 629 5191
665 366 4209
536 433 9880
642 420 7860
363 236 1122
494 18 4542
531 392 2910
609 278 5079
107 38 7932
438 392 1961
271 105 5811
417 324 9515
667 119 8502
478 239 7667
652 278 9345
624 452 4865
416 354 5118
590 138 1640
558 226 210
489 229 2350
108 39 781
681 301 8306
326 174 8648
653 284 6191
417 345 8356
588 127 1959
488 184 9900
556 208 4619
552 352 654
464 259 1675
541 19 9368
685 134 8981
451 302 4064
573 457 5035
385 273 4856
175 66 6915
427 179 3440
617 461 3099
579 535 1290
650 481 7656
622 620 5595
556 297 579
685 612 3252
562 282 9168
534 159 7563
258 67 8091
451 55 8547
99 21 588
283 212 5120
546 424 8761
426 350 3748
183 25 9000
457 182 4013
589 226 262
498 317 294
356 171 7789
402 79 638
510 361 2416
660 315 4718
115 69 1925
116 26 7606
226 181 5915
503 9 981
435 371 3409
263 30 5725
602 313 8264
466 257 832
410 36 4868
667 170 1151
210 117 8112
245 165 7370
667 118 7277
363 105 7242
413 10 1452
631 571 9057
270 56 7805
691 573 637
656 376 4903
698 121 1975
688 302 5949
411 134 6101
122 9 8575
394 39 4176
428 266 8130
117 73 2583
691 130 2988
317 118 6154
687 399 9619
632 625 218
641 581 9308
411 23 351
462 399 3366
665 390 9428
430 89 5074
501 456 2092
372 75 2990
213 192 960
377 89 7833
261 15 1813
527 489 8809
639 380 5061
524 41 3911
418 109 2859
205 48 8282
585 494 1743
565 189 7597
599 526 6552
341 162 3690
576 159 7707
592 446 4743
601 99 7435
649 451 1222
623 69 9439
539 166 3856
404 71 5484
670 53 414
430 151 591
155 82 565
363 111 7244
475 57 3978
618 200 166
422 84 3627
533 117 7231
649 470 3594
434 329 833
548 66 6389
31 18 1389
658 207 9715
319 10 4140
640 198 4529
66 2 6577
368 323 7014
262 55 8544
378 257 5563
534 106 3735
352 274 1308
382 293 9660
543 415 5278
136 47 9448
623 399 5168
628 122 8247
676 403 2248
152 13 9986
637 246 9911
320 181 5132
389 42 3237
296 125 2680
241 103 6932
691 56 2788
636 28 231
291 281 1520
579 391 3570
699 296 1746
688 170 9336
260 188 1977
653 167 4686
575 30 2985
586 522 95
548 136 5909
313 26 3040
579 58 2130
601 580 6877
653 43 2625
419 193 1065
695 289 7654
332 282 6754
525 71 9905
286 198 8509
645 281 4189
169 125 4377
486 151 9339
303 271 3188
568 549 7086
575 153 6523
416 415 1681
260 186 9603
695 523 468
337 191 8586
334 193 3076
616 569 4092
302 30 4518
463 428 9495
608 194 2526
468 363 9750
364 319 3942
438 161 9500
679 560 8698
579 210 3726
610 410 1771
594 343 6666
511 196 3866
674 41 5925
250 120 8788
450 438 1925
584 16 4878
395 228 9711
498 477 1933
121 108 1187
590 377 6575
356 296 8927
660 158 1171
343 242 2195
384 351 4662
267 262 4326
540 341 2267
586 53 8407
421 47 7387
594 376 7461
677 494 8746
568 110 9967
446 173 9672
325 18 9243
525 351 9705
391 296 8443
506 493 732
498 320 9859
596 389 6158
696 262 684
390 115 4627
347 126 8041
396 342 3944
233 157 4659
358 268 3351
501 87 207
670 426 7006
442 12 3418
673 631 7770
317 316 9392
590 407 4760
121 74 258
595 520 3775
469 389 2557
259 133 92
310 202 4755
699 548 9349
420 243 7956
602 601 4133
168 131 6337
619 119 1041
537 154 5651
650 529 4968
534 495 4514
342 88 4083
638 40 7244
671 6 4530
668 125 1165
690 595 3553
87 85 1160
690 435 8484
585 564 4920
447 32 2036
594 244 8026
663 456 109
216 98 1735
394 161 9416
594 111 7077
587 558 1867
578 238 8753
572 471 7641
659 132 5293
700 95 1858
698 111 400
416 98 9149
621 234 2631
364 166 3496
456 286 279
599 186 478
293 152 7038
207 201 5538
488 91 3781
259 145 1628
202 16 9745
243 15 5765
497 358 9487
609 351 3887
479 197 4857
657 513 6514
424 161 5212
218 214 4500
411 12 4726
73 18 9884
566 420 8966
593 391 6989
588 209 6249
639 370 675
377 55 1092
571 191 2134
454 146 8136
676 401 4121
639 519 3905
545 27 1012
687 251 3325
246 225 2040
459 443 6404
105 43 5257
500 396 2511
551 487 4184
699 89 3328
651 400 5725
697 94 620
671 651 6644
436 48 559
389 160 9757
250 57 4409
543 487 4254
682 658 8626
618 89 8432
584 121 7080
216 179 4186
194 124 3440
622 199 8742
647 227 2818
117 72 8624
168 57 7135
572 112 6030
561 15 5814
331 323 3499
623 20 1905
610 583 5424
449 429 5943
694 596 6388
334 285 7184
643 475 7955
508 156 7908
454 448 5702
573 96 2156
557 381 5223
567 234 3909
507 201 477
683 193 3789
664 122 123
663 218 31
622 376 4268
165 141 7229
587 425 6131
448 364 297
234 168 5294
152 74 8184
485 53 5849
156 8 5803
629 4 5042
70 22 5294
524 510 1827
425 206 7371
637 318 2403
428 103 5046
549 65 583
555 83 4679
626 67 8615
581 136 590
642 596 438
413 158 6081
139 66 840
591 129 8738
523 58 1713
597 159 9790
429 54 1960
414 208 2925
515 190 7831
464 180 9713
579 485 9876
460 388 1970
425 224 2004
685 359 5022
593 349 7228
408 118 9829
314 19 7575
626 468 7761
284 242 7013
422 238 7351
185 119 555
645 187 2905
651 335 6041
553 304 949
435 348 2582
398 255 735
508 502 2617
315 6 4930
552 381 1453
663 586 139
151 106 531
221 27 2096
468 465 9125
446 4 6295
488 253 1287
617 221 1926
431 272 7970
631 630 3956
449 249 5383
604 514 8928
477 425 2605
450 137 6491
634 372 16
467 371 2629
114 74 7471
20 1 5589
96 87 9669
558 533 3402
437 194 9632
278 66 2312
672 659 2297
420 137 5638
645 451 8662
505 165 5393
375 371 6374
459 71 8005
570 100 6332
71 38 3310
297 63 6855
506 167 8616
533 444 6733
531 149 8653
672 247 9087
270 117 5279
168 163 2418
494 463 1029
578 29 8564
351 49 9372
409 99 5217
655 8 7184
316 193 4623
619 272 772
602 238 3757
608 199 6318
285 84 6678
264 255 8295
387 63 8031
670 454 5799
374 132 7473
656 239 4955
675 528 6052
461 49 4151
356 26 2752
468 142 5886
522 153 1318
397 215 6678
650 573 9688
553 50 2000
699 148 8646
445 53 5904
217 43 4086
183 164 4612
695 384 3974
419 122 6514
674 305 2636
143 96 4366
603 122 6286
693 470 1582
621 24 307
632 228 5639
509 280 9522
658 343 5876
311 103 8478
288 58 1493
198 73 2826
347 97 2115
685 399 7344
453 176 9617
680 86 8767
72 69 8512
532 39 32
510 409 9668
523 332 6065
352 235 5139
523 17 1645
498 472 5690
612 588 6243
288 160 9301
342 96 8025
689 165 4361
526 239 7404
512 445 3998
607 313 4829
665 495 1412
681 264 3124
606 536 8162
364 14 7468
554 530 7789
540 372 3282
82 76 7934
557 280 354
265 212 5311
659 624 7236
516 324 2580
330 58 7412
341 317 3115
544 21 595
515 463 4140
342 74 7735
386 74 6557
463 236 8523
651 273 89
500 496 8944
274 30 6033
315 206 236
351 51 679
595 304 4591
309 82 5130
534 79 6184
85 4 1225
487 383 5748
394 303 283
694 376 3865
212 126 3663
568 206 5921
606 375 6401
12 8 1856
629 425 8149
529 29 5097
616 149 776
563 189 4697
132 61 8399
482 335 2329
329 41 6775
610 9 6177
544 326 178
643 165 7192
56 16 7118
233 1 4176
217 63 346
480 98 553
106 98 6705
680 625 8894
505 455 189
595 498 7450
90 67 8388
456 4 7753
626 242 8370
596 326 1805
297 264 2861
645 450 3035
401 43 6022
626 225 5386
462 133 4630
613 493 4864
172 52 9027
492 461 7281
361 33 8301
220 78 5981
265 222 7449
612 347 451
280 96 9215
443 211 7486
515 211 6307
34 31 1378
233 12 3599
495 45 1021
163 126 7017
408 99 8892
368 214 4805
536 308 5210
415 320 6781
501 464 8186
647 533 994
463 259 4399
234 111 6897
691 621 5228
265 17 8612
570 197 7440
475 162 8418
554 317 1376
359 89 5415
541 394 2352
570 474 5167
315 147 1568
213 110 3118
463 430 2646
196 174 4008
550 346 4083
270 44 890
391 265 589
490 151 1233
623 173 4777
384 372 772
415 110 7282
539 232 6191
657 457 1424
514 462 7160
680 201 2852
639 19 6983
673 412 3338
627 533 886
88 41 1470
428 43 877
625 395 2710
595 311 5938
251 166 5550
608 452 2774
363 39 499
541 469 4512
441 166 7215
596 52 1093
482 309 5944
609 565 7279
492 418 4976
358 211 868
688 173 579
546 413 4239
423 48 5666
251 139 1967
564 179 6927
555 544 5178
602 43 5271
647 531 2852
353 218 8357
438 169 1425
497 110 431
526 36 5614
212 98 553
654 389 8593
382 37 1841
462 325 5282
577 328 8914
555 301 9321
380 342 6468
640 1 238
238 190 293
302 68 4436
696 152 4513
670 458 8882
445 6 3893
588 236 4132
676 268 6553
249 217 9455
219 77 5606
416 9 9477
393 333 9226
670 551 3467
230 157 5848
513 34 2490
167 11 6
203 33 4306
276 215 5177
698 390 3781
367 48 7294
637 59 4432
650 472 9973
651 322 4960
687 313 4611
562 67 4606
418 12 2376
687 245 7147
530 275 1122
479 171 10000
349 281 1706
589 35 7936
469 145 47
291 158 2920
662 607 9301
349 116 6748
404 378 8562
469 405 8531
313 256 6065
257 115 4257
361 354 8460
472 38 8515
553 21 6889
418 249 1894
639 292 7303
630 93 6732
549 436 9260
517 141 7380
560 172 9448
636 362 1647
255 46 1900
577 415 8255
208 44 3558
256 246 2726
369 296 5024
393 324 9483
299 215 2104
621 511 9265
694 43 3087
459 61 82
586 256 1402
259 231 1354
220 50 9832
566 214 1455
304 124 4654
340 59 5195
530 41 9788
98 24 6427
527 184 126
482 375 3662
502 38 5216
123 116 2425
117 108 7965
675 152 5775
320 61 5993
562 275 4892
412 18 8113
324 16 2735
385 110 5601
680 532 4800
148 143 7971
455 244 3868
674 258 9633
528 93 2139
651 487 8540
636 108 5959
614 308 1319
482 427 63
228 173 5182
646 568 6979
610 468 939
454 442 5659
621 152 8559
412 222 8510
582 486 7485
184 1 907
528 74 3694
408 169 7878
502 232 7965
273 269 9332
345 269 8456
506 126 386
625 65 6115
534 96 9507
243 29 2014
560 361 730
549 216 4325
355 347 401
586 497 7751
661 482 3590
266 132 8167
480 431 2232
629 555 4354
621 355 2407
409 63 5211
690 399 5250
346 333 3816
528 304 2236
603 34 7864
283 282 2991
485 434 5441
633 219 173
439 391 6891
568 378 7329
453 296 5025
113 12 4617
519 164 751
282 181 5570
441 54 6298
634 613 6623
505 247 1440
323 250 8863
399 342 6001
394 363 2974
551 13 6697
475 139 7769
141 102 9067
354 55 3296
473 12 6759
627 421 5994
325 147 4131
662 29 9935
659 470 3140
462 13 1259
623 235 3799
522 148 8638
553 96 9634
213 40 6664
337 178 2595
530 300 6543
511 234 3400
427 105 7801
108 1 6968
323 25 8882
245 181 6819
373 320 522
394 34 3532
128 13 8771
501 487 5254
666 379 3497
568 250 1609
626 383 7494
272 151 981
345 90 489
634 115 8133
431 270 4704
582 404 7514
569 506 458
499 388 7239
195 179 9865
500 192 9884
564 402 2962
558 387 7815
465 257 8638
632 72 2810
576 286 8790
619 286 142
652 208 1547
285 282 4696
507 386 3402
568 423 3757
447 128 1571
259 143 9076
457 53 6288
457 139 8331
475 199 9929
185 68 967
558 13 2938
158 5 9857
374 13 9219
515 177 8671
585 576 4151
537 292 488
662 177 1591
550 275 6157
550 529 9926
472 458 855
493 182 9551
463 77 1546
247 99 5005
495 393 9813
660 478 7788
338 67 9826
595 281 8042
301 162 1175
389 357 2051
341 326 4989
504 472 28
500 463 4470
679 507 1638
570 262 5856
166 79 4798
420 368 9648
666 531 4917
550 303 7140
490 476 6431
472 298 9347
646 71 6101
397 392 7395
671 470 853
578 256 3858
563 284 2422
610 362 7660
500 480 7353
515 30 1557
664 309 4270
679 346 8650
434 133 8471
693 162 2806
86 54 3120
696 155 4967
408 292 1987
395 271 9658
370 188 9732
485 43 3977
587 328 5363
680 150 6491
468 401 4691
238 116 1018
658 108 8327
663 462 4774
658 236 6718
665 543 5147
438 83 8498
483 358 9104
368 251 4541
350 227 2086
442 268 1700
221 125 3832
614 609 7597
254 86 2542
649 199 3623
651 187 3819
180 126 7465
674 94 3854
259 129 867
547 300 3500
420 107 5513
507 21 6576
181 133 1427
638 144 3565
551 21 756
369 102 991
626 385 1925
343 171 6660
388 210 507
109 39 4991
259 97 7680
308 261 5650
478 390 8879
47 31 3090
559 487 8763
461 165 2913
144 103 6387
250 240 3855
320 144 7485
553 210 2112
146 1 1563
635 193 3776
600 25 9994
656 533 6992
695 471 6271
280 126 4132
673 303 1893
390 326 2241
639 633 7215
443 442 8814
544 108 2838
616 81 24
243 67 9520
394 391 4833
326 191 4261
605 86 631
536 114 1165
646 515 8016
397 301 1331
254 202 3905
448 207 5956
389 262 2246
489 213 7771
353 281 2619
208 148 6933
357 140 3177
548 515 8807
578 339 7999
622 512 9304
321 136 9333
552 405 9122
496 128 6735
402 397 5324
320 13 9021
646 11 6963
436 212 6316
208 16 7830
201 97 4850
466 136 7689
566 339 8665
683 307 2036
539 45 9384
452 68 2096
213 53 5783
618 600 1702
277 189 6127
507 32 8639
444 277 3415
572 61 8550
165 153 4813
214 68 1466
642 265 5035
593 107 1436
194 139 2818
99 67 71
654 546 7318
649 234 6447
473 173 3266
177 156 8758
225 214 4498
469 138 3990
456 92 2239
541 467 2909
369 255 7798
172 137 3617
418 235 6918
359 273 9905
660 634 847
597 429 5645
555 328 1698
658 516 9929
565 489 9789
614 425 2099
515 53 3838
531 186 4617
695 26 3620
398 35 7336
636 468 8639
444 336 847
614 119 6748
519 150 8655
170 70 5961
645 216 220
643 114 915
280 193 280
624 265 8264
622 117 3228
501 404 1526
692 419 5884
593 527 252
618 413 1721
584 166 2814
124 31 3019
349 314 9649
310 30 6337
660 518 86
528 487 8031
636 281 1244
664 7 4700
644 472 6698
487 230 7727
421 281 7264
630 392 4517
403 86 2383
183 74 453
482 466 2155
332 179 9038
234 100 2281
575 469 5083
544 496 7464
603 301 9258
348 167 8687
652 416 8853
599 2 772
457 60 5110
699 505 33
646 392 4283
308 58 5823
448 117 2487
379 348 1498
437 135 2520
319 32 7350
535 381 1646
597 124 2729
235 81 8360
436 53 7727
568 275 5919
663 600 8572
677 376 305
610 510 5872
457 164 8689
696 464 2880
356 125 2968
473 448 3255
310 84 6154
668 131 1687
490 350 6309
434 408 3413
606 361 9205
641 587 534
392 324 9944
435 235 2303
571 110 859
108 60 4092
582 265 9275
608 405 1084
560 133 5677
453 311 8976
294 109 6765
534 220 6562
559 112 6457
617 269 4858
554 311 7033
233 215 2388
473 19 2063
684 6 7569
164 56 712
510 374 187
237 202 7620
202 75 8725
586 308 2801
657 305 4912
638 212 2362
698 186 3860
562 430 578
305 289 5203
167 60 544
326 150 9290
307 82 9105
620 118 9543
534 49 9536
299 102 9608
374 114 4180
511 333 7690
696 601 7367
307 86 8193
573 281 2925
428 113 5918
318 66 1075
608 417 1545
322 217 6185
429 382 722
523 103 2761
485 113 9899
557 132 6035
698 381 5906
192 146 3035
648 50 6214
436 115 4974
413 174 7073
604 601 602
277 129 2626
416 136 9661
504 489 5378
171 5 3787
666 61 7868
383 154 5554
289 126 2376
608 541 2794
617 294 640
158 33 7915
606 539 3723
569 422 7831
175 13 4734
663 134 5032
210 140 4111
164 61 8040
156 99 6059
433 182 6257
153 68 7535
531 212 7544
462 54 5624
547 305 9146
695 21 2491
549 508 9482
230 30 6859
204 37 5717
311 58 8858
459 361 3569
516 116 9031
644 324 7098
651 482 8733
266 133 2203
360 151 7067
695 202 155
477 386 3107
196 31 7993
672 14 2802
618 464 658
502 416 2722
465 314 8815
472 401 9945
644 155 5437
354 236 5332
338 89 320
216 27 8679
687 153 5257
438 216 5410
534 7 1422
634 553 4238
457 449 6194
689 511 7107
628 291 1916
366 10 6448
568 234 5555
597 585 533
21 11 3166
469 420 7447
420 185 7668
395 111 9217
409 199 4021
282 128 1966
593 41 7906
470 183 8839
607 323 8846
674 237 6510
165 77 7616
674 80 1447
457 142 4613
566 381 3858
580 404 9924
214 158 1609
189 63 9574
696 480 257
246 115 3793
222 94 8397
457 428 5990
517 298 6195
598 451 2857
