50 500 1 40
31 17 9465
17 16 403
35 26 8705
31 12 8798
45 33 9079
24 10 5847
31 25 6682
41 12 6926
48 32 7364
50 19 6428
33 3 6921
27 1 5865
36 23 8111
24 13 809
42 15 4696
37 29 8069
50 40 6648
37 33 8448
41 1 9743
46 21 1082
41 2 7443
48 9 9662
39 18 2851
35 24 5705
41 23 6401
47 13 1091
9 5 5802
19 8 3997
24 12 4433
41 32 6277
18 17 6755
42 6 1205
49 47 5735
44 36 9902
50 25 1896
27 25 8457
14 4 7441
24 18 9538
40 27 1515
41 16 8208
7 3 3610
22 1 8152
40 36 3058
31 16 8722
48 7 2706
44 24 3581
12 9 6400
27 22 5169
24 4 4104
47 27 2453
40 14 8825
14 1 3067
39 11 2701
32 9 1817
32 13 764
31 8 2892
38 9 6118
37 28 8333
26 10 4874
38 30 6960
21 4 2974
41 34 2815
21 15 5154
41 8 1514
9 4 508
34 16 7200
24 15 3980
33 30 5615
18 2 5808
47 31 6060
45 1 3984
47 21 8126
43 11 5247
39 4 6473
32 16 6220
28 3 4825
43 13 8012
43 19 1552
43 28 9064
34 28 7355
41 40 2520
10 2 1122
49 44 5829
49 31 799
47 33 726
38 25 9749
45 37 1328
39 16 5513
19 11 338
16 10 4201
42 16 4850
42 23 9773
19 15 5678
25 6 1700
36 26 3061
25 8 5816
36 15 8754
48 18 3531
25 18 8557
40 38 5925
22 10 7770
46 4 8208
34 15 4518
44 11 7958
35 32 8970
32 28 873
47 39 3546
12 1 5688
37 34 6535
42 19 5982
38 10 2659
41 28 2329
41 3 5167
28 2 8437
45 18 2310
37 26 1975
38 35 1866
34 14 2706
29 15 7555
48 27 6954
46 25 6684
20 3 7867
44 38 7234
17 9 5198
36 24 3675
42 36 2795
45 44 9510
30 22 8858
23 4 9929
40 32 4009
41 6 829
30 25 8006
46 30 337
29 12 7737
43 10 2944
31 2 6334
27 4 8956
37 23 3893
48 38 6105
25 16 6251
48 31 1845
50 47 8870
34 8 745
28 27 2835
45 36 5119
31 22 7053
39 25 3084
41 33 922
46 14 8997
12 5 5500
26 21 8903
23 22 5576
10 4 5360
34 4 8780
22 11 2303
44 22 7934
32 1 3104
39 17 5356
34 3 1974
30 29 7659
33 31 906
21 7 4903
45 6 3554
48 13 2826
27 13 4097
29 10 4700
42 20 7915
5 2 5540
43 18 9562
6 3 4338
27 19 6733
15 13 8178
43 6 1764
46 2 134
44 10 2860
47 22 994
48 29 9983
33 10 5419
47 3 6118
38 13 5079
23 9 8649
45 28 1367
43 23 1214
45 32 5130
41 19 1425
36 32 5969
48 10 3417
46 1 1659
43 36 5570
32 10 7353
47 43 4877
50 45 910
28 15 6504
47 29 1970
40 22 6765
15 9 3655
28 17 5527
45 16 9004
20 7 8806
49 28 8683
44 33 4647
29 3 6102
29 25 167
37 11 9139
12 10 4922
30 15 217
18 16 4798
36 33 2786
25 22 2011
28 25 9258
50 2 9115
24 5 5648
43 32 5339
6 2 9499
47 17 3632
39 38 2629
43 1 3079
23 19 6451
49 9 4137
38 8 2008
43 34 2486
50 18 7214
45 34 4024
43 15 3406
19 10 1633
41 17 2166
31 9 4025
6 1 7805
44 5 5529
40 6 3881
24 2 1399
43 3 8149
31 3 1960
50 38 683
36 27 6519
46 13 1160
27 10 7637
45 40 3147
18 4 3344
19 2 278
46 12 8419
44 21 9338
44 43 1429
31 21 4607
11 2 7423
35 19 7528
46 38 3304
41 24 383
27 21 6965
43 26 1110
35 4 6289
50 33 8145
50 43 8912
31 30 343
7 5 6789
39 33 9011
19 12 7529
48 4 36
48 22 4085
27 8 6828
38 27 3148
34 26 8449
27 2 1550
46 26 298
20 16 3212
45 29 6120
50 11 8523
46 36 8379
36 2 1144
37 25 1841
25 1 2737
48 45 7426
29 24 1044
17 1 8544
37 20 2193
40 29 6778
49 39 50
11 1 8281
18 12 8265
14 10 7254
15 12 7876
44 34 2686
43 17 5875
27 17 438
39 12 3246
39 34 1854
39 8 6048
50 21 9538
50 34 5594
15 2 2553
42 5 6423
34 12 4886
16 5 4838
33 13 7018
42 34 8417
11 4 3183
42 17 6628
13 9 4767
45 39 3556
36 25 8019
34 25 7928
35 23 9620
43 20 9945
32 29 9712
42 11 3597
36 34 4853
17 6 4427
34 17 7499
44 18 5641
38 5 2175
42 37 7558
33 28 6853
47 34 7958
21 13 2129
29 5 4227
38 2 5923
9 1 601
49 1 9088
38 18 9700
9 8 3182
47 23 4637
30 18 5600
19 9 1645
40 8 6626
16 12 8525
39 35 883
42 7 5639
44 15 4693
13 5 9768
42 8 7601
43 7 7606
34 7 6551
8 7 9731
37 21 1546
40 31 4756
34 24 7813
47 38 7470
50 12 5726
38 29 7345
29 19 328
19 4 9122
50 42 8814
43 40 7335
40 17 737
3 2 7887
22 20 3483
36 17 1998
14 11 4542
47 42 639
19 18 9519
32 14 3685
35 3 5406
44 8 223
30 4 1018
39 9 624
44 13 3127
47 11 7308
24 1 628
43 41 3851
44 4 3911
40 35 910
41 5 4322
41 36 5571
29 4 8366
48 41 525
45 30 3346
16 9 2455
33 21 9290
30 12 6548
49 11 2800
31 20 9121
48 34 1625
32 8 6650
38 36 7213
16 14 809
47 30 571
37 12 5732
49 23 5805
40 26 8134
46 45 9109
36 35 6745
34 5 3471
48 44 3990
40 10 5050
49 43 7954
36 28 6306
24 11 6732
9 7 911
42 1 7020
16 4 5928
32 19 6013
15 14 6200
46 20 5102
30 27 4423
16 15 2899
22 15 9251
43 39 3934
37 19 5231
49 4 7605
44 7 552
48 37 7740
10 5 3502
41 30 478
30 2 8767
40 33 9441
23 17 2513
44 31 8405
28 12 8633
40 2 3813
24 17 1374
39 32 1365
48 8 9686
41 4 3155
46 42 3097
36 12 5397
41 20 3446
41 27 9580
30 14 5462
25 9 3171
20 1 8661
7 1 964
49 37 5973
29 26 1895
35 1 8978
42 25 4778
49 40 803
38 24 9620
30 26 1023
25 5 3059
37 27 4280
18 6 5708
38 26 1652
16 1 6587
42 22 4618
22 3 2932
6 5 4944
35 22 828
49 22 4744
10 8 1763
27 9 8540
28 13 684
24 19 4239
39 29 3149
24 23 6729
41 31 5086
36 6 612
39 19 1293
46 41 2188
50 35 8291
37 30 8951
48 14 7100
24 14 4784
39 7 2398
27 20 2630
15 8 1392
35 16 6763
46 43 3643
31 14 7086
26 25 7231
49 7 7729
20 18 469
14 13 3792
42 28 2793
37 15 5077
50 6 8850
46 19 2748
13 10 3844
40 30 7984
44 26 4749
33 8 5678
19 5 7701
48 12 823
48 15 7137
49 3 8142
19 17 3566
27 3 9090
10 1 2258
24 20 8439
47 46 3106
44 27 8791
32 4 8808
45 4 2052
41 29 8250
49 2 3333
50 29 5361
47 18 1264
43 25 8004
34 1 1387
12 6 6328
14 8 4194
29 14 592
36 7 3886
27 6 4341
50 27 6136
8 6 6723
47 15 8550
30 10 9365
38 19 3065
22 17 266
45 26 3346
